FREQ	M1(0)	M (2,0)	T1(0)
 5.00000000000000E+008	 2.53702150841302E+001	 2.55722711025730E+001	 5.78040924661372E+000
 6.00000000000000E+008	 2.50241015488637E+001	 2.52262830897647E+001	 6.29032153871953E+000
 7.00000000000000E+008	 2.45970358015675E+001	 2.48012025910641E+001	 6.84685630801308E+000
 8.00000000000000E+008	 2.41110620495380E+001	 2.43198616783057E+001	 7.44049189244030E+000
 9.00000000000000E+008	 2.35915454872594E+001	 2.38086293323418E+001	 8.06391662876768E+000
 1.00000000000000E+009	 2.30672110486746E+001	 2.32974565624500E+001	 8.71155805421869E+000
 1.10000000000000E+009	 2.25702081224424E+001	 2.28199197393334E+001	 9.37916605342149E+000
 1.20000000000000E+009	 2.21362089656825E+001	 2.24132577629693E+001	 1.00634808633163E+001
 1.30000000000000E+009	 2.18045490462582E+001	 2.21183969807906E+001	 1.07619813784500E+001
 1.40000000000000E+009	 2.16184177842329E+001	 2.19799555031266E+001	 1.14726986326777E+001
 1.50000000000000E+009	 2.16251079782821E+001	 2.20462155748144E+001	 1.21940787819732E+001
 1.60000000000000E+009	 2.18763313129423E+001	 2.23690487825168E+001	 1.29248825352810E+001
 1.70000000000000E+009	 2.24286052903772E+001	 2.30037739299944E+001	 1.36641110636202E+001
 1.80000000000000E+009	 2.33437129829808E+001	 2.40089212524335E+001	 1.44109510703570E+001
 1.90000000000000E+009	 2.46892300101906E+001	 2.54458692203000E+001	 1.51647337500677E+001
 2.00000000000000E+009	 2.65391013392436E+001	 2.73783116869356E+001	 1.59249038630324E+001
 2.10000000000000E+009	 2.89742312628309E+001	 2.98715041961495E+001	 1.66909962268571E+001
 2.20000000000000E+009	 3.20830194415175E+001	 3.29912303211012E+001	 1.74626176888339E+001
 2.30000000000000E+009	 3.59617291228299E+001	 3.68024246962731E+001	 1.82394331817823E+001
 2.40000000000000E+009	 4.07145044036601E+001	 4.13673936049380E+001	 1.90211548481806E+001
 2.50000000000000E+009	 4.64527558877732E+001	 4.67435937192393E+001	 1.98075334893469E+001
 2.60000000000000E+009	 5.32935069666412E+001	 5.29809742024868E+001	 2.05983517911616E+001
 2.70000000000000E+009	 6.13561487816617E+001	 6.01189660781039E+001	 2.13934189182470E+001
 2.80000000000000E+009	 7.07569356298200E+001	 6.81833178333375E+001	 2.21925661705192E+001
 2.90000000000000E+009	 8.16005713366214E+001	 7.71831096097793E+001	 2.29956434707071E+001
 3.00000000000000E+009	 9.39685947804850E+001	 8.71083737445775E+001	 2.38025165065362E+001
