FREQ	DB[Reflect(RI,0)]
 5.00000000000000E+008	-3.26851523191066E-001
 6.00000000000000E+008	-4.87837261823628E-001
 7.00000000000000E+008	-6.90669939909327E-001
 8.00000000000000E+008	-9.35424260035353E-001
 9.00000000000000E+008	-1.21561219187089E+000
 1.00000000000000E+009	-1.51512491752514E+000
 1.10000000000000E+009	-1.80747400634099E+000
 1.20000000000000E+009	-2.06001246454632E+000
 1.30000000000000E+009	-2.24348443278518E+000
 1.40000000000000E+009	-2.34240686212037E+000
 1.50000000000000E+009	-2.35945899544274E+000
 1.60000000000000E+009	-2.31142421461734E+000
 1.70000000000000E+009	-2.22081342663958E+000
 1.80000000000000E+009	-2.10881707535098E+000
 1.90000000000000E+009	-1.99198681077544E+000
 2.00000000000000E+009	-1.88193860536744E+000
 2.10000000000000E+009	-1.78650100446530E+000
 2.20000000000000E+009	-1.71118825771931E+000
 2.30000000000000E+009	-1.66049317142433E+000
 2.40000000000000E+009	-1.63883742434879E+000
 2.50000000000000E+009	-1.65107670921395E+000
 2.60000000000000E+009	-1.70229026595874E+000
 2.70000000000000E+009	-1.79622715387931E+000
 2.80000000000000E+009	-1.93144399437227E+000
 2.90000000000000E+009	-2.09477162516755E+000
 3.00000000000000E+009	-2.25521969963120E+000
