FREQ	DB[Reflect(RI,0)]	S1:DB[S(11)]
 5.00000000000000E+008	 1.60112104806960E-002	 1.60112104806950E-002
 6.00000000000000E+008	 2.41497132436727E-002	 2.41497132436747E-002
 7.00000000000000E+008	 3.27258616468362E-002	 3.27258616468381E-002
 8.00000000000000E+008	 4.05871104028925E-002	 4.05871104028925E-002
 9.00000000000000E+008	 4.53811198825397E-002	 4.53811198825388E-002
 1.00000000000000E+009	 4.23752576423710E-002	 4.23752576423701E-002
 1.10000000000000E+009	 2.24376881986251E-002	 2.24376881986232E-002
 1.20000000000000E+009	-3.01586477297431E-002	-3.01586477297431E-002
 1.30000000000000E+009	-1.34952886552165E-001	-1.34952886552169E-001
 1.40000000000000E+009	-2.94706194929542E-001	-2.94706194929542E-001
 1.50000000000000E+009	-4.63906650163686E-001	-4.63906650163685E-001
 1.60000000000000E+009	-5.74123654997354E-001	-5.74123654997353E-001
 1.70000000000000E+009	-6.06538303990698E-001	-6.06538303990703E-001
 1.80000000000000E+009	-5.89347539679400E-001	-5.89347539679397E-001
 1.90000000000000E+009	-5.52487118617625E-001	-5.52487118617623E-001
 2.00000000000000E+009	-5.12107878733104E-001	-5.12107878733101E-001
 2.10000000000000E+009	-4.74548418648736E-001	-4.74548418648734E-001
 2.20000000000000E+009	-4.41574736758986E-001	-4.41574736758982E-001
 2.30000000000000E+009	-4.13195105224861E-001	-4.13195105224861E-001
 2.40000000000000E+009	-3.88858987265735E-001	-3.88858987265735E-001
 2.50000000000000E+009	-3.67914004831918E-001	-3.67914004831918E-001
 2.60000000000000E+009	-3.49761423708445E-001	-3.49761423708442E-001
 2.70000000000000E+009	-3.33896563687338E-001	-3.33896563687337E-001
 2.80000000000000E+009	-3.19908269355757E-001	-3.19908269355758E-001
 2.90000000000000E+009	-3.07465941094712E-001	-3.07465941094712E-001
 3.00000000000000E+009	-2.96304607780064E-001	-2.96304607780064E-001
