FREQ	M (Out,0)	Temp(Out,0)	S1:Mag[M4(0,0)]
 5.00000000000000E+008	 6.37903337480504E+001	 6.24817585462132E+001	 6.32824765810434E+000
 6.00000000000000E+008	 6.12917155866611E+001	 6.01461329078416E+001	 7.08895871307954E+000
 7.00000000000000E+008	 5.83801886603789E+001	 5.74060014982474E+001	 7.94658397005831E+000
 8.00000000000000E+008	 5.51403747392433E+001	 5.43364536281275E+001	 8.89003634724685E+000
 9.00000000000000E+008	 5.16687507289020E+001	 5.10250566731782E+001	 9.91061241050130E+000
 1.00000000000000E+009	 4.80734345993109E+001	 4.75722530791723E+001	 1.10016479663400E+001
 1.10000000000000E+009	 4.44741826684855E+001	 4.40918178533402E+001	 1.21580980643357E+001
 1.20000000000000E+009	 4.10026900334327E+001	 4.07113810329944E+001	 1.33761623056096E+001
 1.30000000000000E+009	 3.78033007523476E+001	 3.75730201137365E+001	 1.46529862870704E+001
 1.40000000000000E+009	 3.50342550439587E+001	 3.48339279034658E+001	 1.59864352507075E+001
 1.50000000000000E+009	 3.28696306946479E+001	 3.26671617403948E+001	 1.73749261576894E+001
 1.60000000000000E+009	 3.15021799256408E+001	 3.12624804724933E+001	 1.88173040295925E+001
 1.70000000000000E+009	 3.11473283092415E+001	 3.08272760411471E+001	 2.03127508639851E+001
 1.80000000000000E+009	 3.20486996943595E+001	 3.15876069427545E+001	 2.18607182452262E+001
 1.90000000000000E+009	 3.44856771877118E+001	 3.37893412576021E+001	 2.34608771569389E+001
 2.00000000000000E+009	 3.87837316002326E+001	 3.76994173353687E+001	 2.51130803248524E+001
 2.10000000000000E+009	 4.53285888144243E+001	 4.36072306099727E+001	 2.68173337479439E+001
 2.20000000000000E+009	 5.45858390643748E+001	 5.18261553829500E+001	 2.85737750251524E+001
 2.30000000000000E+009	 6.71284396475110E+001	 6.26952107634586E+001	 3.03826567573369E+001
 2.40000000000000E+009	 8.36759509333114E+001	 7.65808802839429E+001	 3.22443337798213E+001
 2.50000000000000E+009	 1.05151682467336E+002	 9.38790950231987E+001	 3.41592533183508E+001
 2.60000000000000E+009	 1.32767989328983E+002	 1.15017390362400E+002	 3.61279474019598E+001
 2.70000000000000E+009	 1.68157291544946E+002	 1.40457246774915E+002	 3.81510270392072E+001
 2.80000000000000E+009	 2.13580200409182E+002	 1.70696625306468E+002	 4.02291777893348E+001
 2.90000000000000E+009	 2.72269477080463E+002	 2.06272708639301E+002	 4.23631564513410E+001
 3.00000000000000E+009	 3.49025949181587E+002	 2.47764858851208E+002	 4.45537886611951E+001
