FREQ	DB[Gain(Out,0)]	S1:DB[S(21)]
 5.00000000000000E+008	 1.68795618841230E+001	 1.68795618841230E+001
 6.00000000000000E+008	 1.72837533914325E+001	 1.72837533914325E+001
 7.00000000000000E+008	 1.77762309197190E+001	 1.77762309197190E+001
 8.00000000000000E+008	 1.83625627980797E+001	 1.83625627980797E+001
 9.00000000000000E+008	 1.90454846248545E+001	 1.90454846248545E+001
 1.00000000000000E+009	 1.98191010227189E+001	 1.98191010227189E+001
 1.10000000000000E+009	 2.06563005342823E+001	 2.06563005342823E+001
 1.20000000000000E+009	 2.14845844704916E+001	 2.14845844704916E+001
 1.30000000000000E+009	 2.21527229624231E+001	 2.21527229624231E+001
 1.40000000000000E+009	 2.24275309535762E+001	 2.24275309535762E+001
 1.50000000000000E+009	 2.21043638484816E+001	 2.21043638484816E+001
 1.60000000000000E+009	 2.11867356441292E+001	 2.11867356441292E+001
 1.70000000000000E+009	 1.98819989133863E+001	 1.98819989133863E+001
 1.80000000000000E+009	 1.84202211850539E+001	 1.84202211850539E+001
 1.90000000000000E+009	 1.69481995370699E+001	 1.69481995370699E+001
 2.00000000000000E+009	 1.55349442140888E+001	 1.55349442140888E+001
 2.10000000000000E+009	 1.42050094480729E+001	 1.42050094480729E+001
 2.20000000000000E+009	 1.29622068491356E+001	 1.29622068491356E+001
 2.30000000000000E+009	 1.18018639827528E+001	 1.18018639827528E+001
 2.40000000000000E+009	 1.07164393226420E+001	 1.07164393226420E+001
 2.50000000000000E+009	 9.69792613032221E+000	 9.69792613032221E+000
 2.60000000000000E+009	 8.73880366000804E+000	 8.73880366000804E+000
 2.70000000000000E+009	 7.83235232703154E+000	 7.83235232703154E+000
 2.80000000000000E+009	 6.97270005380097E+000	 6.97270005380097E+000
 2.90000000000000E+009	 6.15476286587298E+000	 6.15476286587298E+000
 3.00000000000000E+009	 5.37415117484534E+000	 5.37415117484534E+000
