1.60E-09   2       0.001      3.00E-14   0.206      
1.80E-09   2       0.001      3.50E-14   0.316      
2.20E-09   23      0.070      2.40E-14   0.355      
3.30E-09   12      0.002      3.20E-14   0.281      
3.60E-09   9       0.002      4.00E-14   0.395      
3.90E-09   9       0.002      4.20E-14   0.443      
4.30E-09   9       0.003      4.30E-14   0.414      
4.70E-09   10      0.003      4.20E-14   0.629      
5.10E-09   12      0.004      5.30E-14   0.658      
5.60E-09   5       0.075      2.90E-14   0.512      
6.80E-09   11      0.005      4.10E-14   0.598      
7.50E-09   12      0.006      4.50E-14   0.645      
8.00E-09   16      0.008      5.90E-14   0.689      
8.70E-09   5       0.011      6.90E-14   0.759      
9.50E-09   10      0.011      3.80E-14   0.936      
1.00E-08   35      0.010      4.30E-14   0.835      
1.10E-08   25      0.013      4.60E-14   0.911      
1.20E-08   9       0.013      5.80E-14   1.012      
1.50E-08   10      0.040      4.90E-14   1.138      
1.60E-08   11      0.050      5.00E-14   1.202      
1.80E-08   11      0.050      7.10E-14   1.297      
2.19E-08   13      0.050      5.40E-14   1.518      
2.30E-08   18      0.050      5.40E-14   1.553      
2.40E-08   15      0.040      6.80E-14   1.591      
2.70E-08   17      0.030      4.90E-14   1.818      
3.00E-08   19      0.020      6.20E-14   1.938      
3.30E-08   16      0.010      8.10E-14   2.530      
3.57E-08   23      0.010      5.90E-14   2.283      
3.90E-08   17      0.010      6.60E-14   2.846      
4.30E-08   27      0.010      5.50E-14   3.004      
4.70E-08   17      0.010      7.10E-14   3.257      
5.10E-08   30      0.010      5.00E-14   3.700      
5.60E-08   17      0.010      6.50E-14   3.731      
6.70E-08   17      0.010      7.30E-14   4.585      
7.20E-08   20      0.010      5.40E-14   5.060      
8.10E-08   20      0.010      5.60E-14   5.218      
1.00E-07   25      0.010      6.00E-14   7.400      
1.09E-07   21      0.010      6.00E-14   8.127      
1.19E-07   26      0.010      6.30E-14   8.538      
1.48E-07   30      0.025      6.80E-14   11.289     
1.79E-07   33      0.050      6.10E-14   12.238     
1.98E-07   20      0.125      4.80E-14   13.187     
2.08E-07   22      0.150      4.50E-14   13.566     
2.19E-07   28      0.168      5.80E-14   14.325     
2.46E-07   33      0.200      4.40E-14   13.345     
2.68E-07   34      0.300      5.40E-14   16.760     
3.27E-07   37      0.676      5.90E-14   22.737     
3.86E-07   41      1.052      5.90E-14   24.318     
