   6.80E-13       0.24   5.00E+08
   8.20E-13       0.24   5.00E+08
   1.00E-12       0.24   5.00E+08
   1.20E-12       0.24   5.00E+08
   1.50E-12       0.24   5.00E+08
   1.80E-12       0.24   5.00E+08
   2.20E-12       0.24   5.00E+08
   2.70E-12       0.24   5.00E+08
   3.30E-12       0.24   5.00E+08
   3.90E-12       0.24   5.00E+08
   4.70E-12       0.24   5.00E+08
   5.60E-12       0.24   5.00E+08
   6.80E-12       0.24   5.00E+08
   8.20E-12       0.24   5.00E+08
   1.00E-11       0.24   5.00E+08
   1.20E-11       0.22   2.00E+08
   1.50E-11        0.2   2.00E+08
   1.80E-11       0.19   2.00E+08
   2.20E-11       0.17   2.00E+08
   2.70E-11       0.16   2.00E+08
   3.30E-11       0.14   2.00E+08
   3.90E-11       0.13   1.00E+08
   4.70E-11       0.12   1.00E+08
   5.60E-11       0.11   1.00E+08
   6.80E-11       0.09   1.00E+08
   8.20E-11       0.08   1.00E+08
   1.00E-10       0.07   1.00E+08
   1.20E-10       0.06   5.00E+07
   1.50E-10       0.05   5.00E+07
   1.80E-10       0.05   5.00E+07
   2.20E-10       0.05   5.00E+07
   2.70E-10       0.05   5.00E+07
   3.30E-10       0.05   5.00E+07
   3.90E-10       0.05   5.00E+07
   4.70E-10       0.05   5.00E+07
   5.60E-10       0.05   5.00E+07
   6.80E-10       0.05   5.00E+07
   8.20E-10       0.05   5.00E+07
   1.00E-09       0.05   5.00E+07
   1.20E-09       0.06   5.00E+07
   1.50E-09       0.05   5.00E+07
