FREQ	Ang[Gain(UD,0)]
 1.00000000000000E+007	 2.01063914186450E+001
 2.00000000000000E+007	 8.50576929910393E+000
 3.00000000000000E+007	 5.03813423014750E+000
 4.00000000000000E+007	 4.04342098930414E+000
 5.00000000000000E+007	 3.84544821177534E+000
 6.00000000000000E+007	 3.88089709693797E+000
 7.00000000000000E+007	 3.93943091436650E+000
 8.00000000000000E+007	 3.93804341001500E+000
 9.00000000000000E+007	 3.84632283378181E+000
 1.00000000000000E+008	 3.65935887538801E+000
 1.10000000000000E+008	 3.38651692536908E+000
 1.20000000000000E+008	 3.04175120054624E+000
 1.30000000000000E+008	 2.64280509426587E+000
 1.40000000000000E+008	 2.20346122685638E+000
 1.50000000000000E+008	 1.71585761797954E+000
 1.60000000000000E+008	 1.34068274748891E+000
 1.70000000000000E+008	 1.20377466614331E+000
 1.80000000000000E+008	 8.44339116084429E-001
 1.90000000000000E+008	 5.49139944420188E-001
 2.00000000000000E+008	 3.19880920394948E-001
 2.10000000000000E+008	 1.56382690673677E-001
 2.20000000000000E+008	 5.55759915027911E-002
 2.30000000000000E+008	 1.43594744376215E-002
 2.40000000000000E+008	 2.83640014220023E-002
 2.50000000000000E+008	 9.22130348896346E-002
 2.60000000000000E+008	 2.00399452175020E-001
 2.70000000000000E+008	 3.45828786811103E-001
 2.80000000000000E+008	 5.21916979657880E-001
 2.90000000000000E+008	 7.22170432211169E-001
 3.00000000000000E+008	 9.40341235682010E-001
 3.10000000000000E+008	 1.17031613226679E+000
 3.20000000000000E+008	 1.40669835796087E+000
 3.30000000000000E+008	 1.64449908073438E+000
 3.40000000000000E+008	 1.87924822341433E+000
 3.50000000000000E+008	 2.10700982116467E+000
 3.60000000000000E+008	 2.32329407688136E+000
 3.70000000000000E+008	 2.52612546224783E+000
 3.80000000000000E+008	 2.71315813300870E+000
 3.90000000000000E+008	 2.88256189840408E+000
 4.00000000000000E+008	 3.03300445262034E+000
 4.10000000000000E+008	 3.16161122898463E+000
 4.20000000000000E+008	 3.26977610487221E+000
 4.30000000000000E+008	 3.35751777082738E+000
 4.40000000000000E+008	 3.42524810529069E+000
 4.50000000000000E+008	 3.47373553587029E+000
 4.60000000000000E+008	 3.50112955038578E+000
 4.70000000000000E+008	 3.51152432786478E+000
 4.80000000000000E+008	 3.50651404758730E+000
 4.90000000000000E+008	 3.48787058354564E+000
 5.00000000000000E+008	 3.45749146785018E+000
 5.10000000000000E+008	 3.41359204424923E+000
 5.20000000000000E+008	 3.36177783905591E+000
 5.30000000000000E+008	 3.30402791326634E+000
 5.40000000000000E+008	 3.24224076147322E+000
 5.50000000000000E+008	 3.17818736313395E+000
 5.60000000000000E+008	 3.10905897409065E+000
 5.70000000000000E+008	 3.04059118631134E+000
 5.80000000000000E+008	 2.97395453068524E+000
 5.90000000000001E+008	 2.91004844341249E+000
 6.00000000000001E+008	 2.84947849260173E+000
 6.10000000000001E+008	 2.78765178557383E+000
 6.20000000000001E+008	 2.72942211584215E+000
 6.30000000000001E+008	 2.67444075198925E+000
 6.40000000000001E+008	 2.62202057420525E+000
 6.50000000000001E+008	 2.57113552647262E+000
 6.60000000000001E+008	 2.51517637683601E+000
 6.70000000000001E+008	 2.45771660962769E+000
 6.80000000000001E+008	 2.39673509347480E+000
 6.90000000000001E+008	 2.32988923467577E+000
 7.00000000000001E+008	 2.25452370230598E+000
 7.10000000000001E+008	 2.16208378164209E+000
 7.20000000000001E+008	 2.05491232804753E+000
 7.30000000000001E+008	 1.92946011290628E+000
 7.40000000000000E+008	 1.78190432338428E+000
 7.50000000000000E+008	 1.60816197602786E+000
 7.60000000000000E+008	 1.39783374220436E+000
 7.70000000000000E+008	 1.15235737944142E+000
 7.80000000000000E+008	 8.66941102165494E-001
 7.90000000000000E+008	 5.36608526414783E-001
 8.00000000000000E+008	 1.56228521064624E-001
 8.10000000000000E+008	-2.86264975962094E-001
 8.20000000000000E+008	-7.89589052556343E-001
 8.30000000000000E+008	-1.35914271787836E+000
 8.40000000000000E+008	-2.00030260224861E+000
 8.50000000000000E+008	-2.71836411781549E+000
 8.60000000000000E+008	-3.52643113521074E+000
 8.70000000000000E+008	-4.42186029772033E+000
 8.80000000000000E+008	-5.40938485379342E+000
 8.90000000000000E+008	-6.49343822003399E+000
 9.00000000000000E+008	-7.67813387395189E+000
 9.10000000000000E+008	-8.97680198180124E+000
 9.20000000000000E+008	-1.03839591507746E+001
 9.30000000000000E+008	-1.19030136993001E+001
 9.40000000000000E+008	-1.35373484011417E+001
 9.50000000000000E+008	-1.52905031341317E+001
 9.59999999999999E+008	-1.71779163069002E+001
 9.69999999999999E+008	-1.91931604507596E+001
 9.79999999999999E+008	-2.13414022179142E+001
 9.89999999999999E+008	-2.36284317789845E+001
 9.99999999999999E+008	-2.60603460036114E+001
 1.01000000000000E+009	-2.86570326639526E+001
 1.02000000000000E+009	-3.14092983092158E+001
 1.03000000000000E+009	-3.43177499201342E+001
 1.04000000000000E+009	-3.73770145626753E+001
 1.05000000000000E+009	-4.05728953879439E+001
 1.06000000000000E+009	-4.38970039211690E+001
 1.07000000000000E+009	-4.72932668720983E+001
 1.08000000000000E+009	-5.07083269807085E+001
 1.09000000000000E+009	-5.40774036962924E+001
 1.10000000000000E+009	-5.73293293413987E+001
 1.11000000000000E+009	-6.04109839175471E+001
 1.12000000000000E+009	-6.32405291537353E+001
 1.13000000000000E+009	-6.57689849831479E+001
 1.14000000000000E+009	-6.79654442899872E+001
 1.15000000000000E+009	-6.98178902194518E+001
 1.16000000000000E+009	-7.13439456896794E+001
 1.17000000000000E+009	-7.25478208590865E+001
 1.18000000000000E+009	-7.34591064944793E+001
 1.19000000000000E+009	-7.41138870406006E+001
 1.20000000000000E+009	-7.45514624718245E+001
 1.21000000000000E+009	-7.48190434440045E+001
 1.22000000000000E+009	-7.49463663511453E+001
 1.23000000000000E+009	-7.49698940072814E+001
 1.24000000000000E+009	-7.49226826037382E+001
 1.25000000000000E+009	-7.48338908440026E+001
 1.26000000000000E+009	-7.47328585067124E+001
 1.27000000000000E+009	-7.46351260982786E+001
 1.28000000000000E+009	-7.45573646006503E+001
 1.29000000000000E+009	-7.45120190874799E+001
 1.30000000000000E+009	-7.45074246964611E+001
 1.31000000000000E+009	-7.45507587436559E+001
 1.32000000000000E+009	-7.46393710547598E+001
 1.33000000000000E+009	-7.47705987757220E+001
 1.34000000000000E+009	-7.49387597541109E+001
 1.35000000000000E+009	-7.51356532128153E+001
 1.36000000000000E+009	-7.53529691477135E+001
 1.37000000000000E+009	-7.55771201005297E+001
 1.38000000000000E+009	-7.57961684173543E+001
 1.39000000000000E+009	-7.59982570395284E+001
 1.40000000000000E+009	-7.61722204698648E+001
 1.41000000000000E+009	-7.63093459189741E+001
 1.42000000000000E+009	-7.63998335874535E+001
 1.43000000000000E+009	-7.64372018352071E+001
 1.44000000000000E+009	-7.64169087620913E+001
 1.45000000000000E+009	-7.63363404146690E+001
 1.46000000000000E+009	-7.61958053421467E+001
 1.47000000000000E+009	-7.59950353959662E+001
 1.48000000000000E+009	-7.57363386532156E+001
 1.49000000000000E+009	-7.54232007586929E+001
 1.50000000000000E+009	-7.50600482185971E+001
 1.51000000000000E+009	-7.46533217076141E+001
 1.52000000000000E+009	-7.42074790155093E+001
 1.53000000000000E+009	-7.37285553974292E+001
 1.54000000000000E+009	-7.32227921831046E+001
 1.55000000000000E+009	-7.26965257926552E+001
 1.56000000000000E+009	-7.21577911595037E+001
 1.57000000000000E+009	-7.16113326170181E+001
 1.58000000000000E+009	-7.10633613872973E+001
 1.59000000000000E+009	-7.05199687853338E+001
 1.60000000000000E+009	-6.99871139492314E+001
 1.61000000000000E+009	-6.94728170235627E+001
 1.62000000000000E+009	-6.89807418856079E+001
 1.63000000000000E+009	-6.85164668953501E+001
 1.64000000000000E+009	-6.80854602390947E+001
 1.65000000000000E+009	-6.76930916213781E+001
 1.66000000000000E+009	-6.73474353590334E+001
 1.67000000000000E+009	-6.70510901221574E+001
 1.68000000000000E+009	-6.68091808280831E+001
 1.69000000000000E+009	-6.66267459612551E+001
 1.70000000000000E+009	-6.65087225656076E+001
 1.71000000000000E+009	-6.64634099848506E+001
 1.72000000000000E+009	-6.64921857356181E+001
 1.73000000000000E+009	-6.65994797404018E+001
 1.74000000000000E+009	-6.67894314386722E+001
 1.75000000000000E+009	-6.70658020796982E+001
 1.76000000000000E+009	-6.74361644988441E+001
 1.77000000000000E+009	-6.78991426790261E+001
 1.78000000000000E+009	-6.84566623953899E+001
 1.79000000000000E+009	-6.91097534812673E+001
 1.80000000000000E+009	-6.98583971851380E+001
 1.81000000000000E+009	-7.07065439298947E+001
 1.82000000000000E+009	-7.16467170090102E+001
 1.83000000000000E+009	-7.26749298258719E+001
 1.84000000000000E+009	-7.37857139904227E+001
 1.85000000000000E+009	-7.49721293784591E+001
 1.86000000000000E+009	-7.62317832843960E+001
 1.87000000000000E+009	-7.75493056934605E+001
 1.88000000000000E+009	-7.89141174793013E+001
 1.88999999999999E+009	-8.03149780210728E+001
 1.89999999999999E+009	-8.17403638249134E+001
 1.90999999999999E+009	-8.31852524068439E+001
 1.91999999999999E+009	-8.46323668674105E+001
 1.92999999999999E+009	-8.60717612176421E+001
 1.93999999999999E+009	-8.74947955742098E+001
 1.94999999999999E+009	-8.88944238279817E+001
 1.95999999999999E+009	-9.02717867818764E+001
 1.96999999999999E+009	-9.16169910938990E+001
 1.97999999999999E+009	-9.29286981658277E+001
 1.98999999999999E+009	-9.42075585067426E+001
 1.99999999999999E+009	-9.54561504484410E+001
