FREQ	DB[Reflect(RI,0)]	DB[Reflect(RU,0)]
 1.00000000000000E+007	-8.39602058417956E+000	-2.20036226156230E+001
 2.00000000000000E+007	-9.96698847317965E+000	-3.08711723071597E+001
 3.00000000000000E+007	-9.46280423982506E+000	-4.23895468767518E+001
 4.00000000000000E+007	-9.10133040434891E+000	-4.23920530595403E+001
 5.00000000000000E+007	-8.96709450421579E+000	-3.49785022937917E+001
 6.00000000000000E+007	-8.98276470303596E+000	-3.13796321723928E+001
 7.00000000000000E+007	-9.09892739325105E+000	-2.90154782798934E+001
 8.00000000000000E+007	-9.28782697150160E+000	-2.72495430510415E+001
 9.00000000000000E+007	-9.53218712653723E+000	-2.58382499100148E+001
 1.00000000000000E+008	-9.81904838297347E+000	-2.46649421724608E+001
 1.10000000000000E+008	-1.01370196777072E+001	-2.36651025974591E+001
 1.20000000000000E+008	-1.04728362612447E+001	-2.27997622304227E+001
 1.30000000000000E+008	-1.08124137141579E+001	-2.20426431335874E+001
 1.40000000000000E+008	-1.11392046603553E+001	-2.13745228717677E+001
 1.50000000000000E+008	-1.14297868465717E+001	-2.07791211413834E+001
 1.60000000000000E+008	-1.17120957992933E+001	-2.02663622884635E+001
 1.70000000000000E+008	-1.20243424142735E+001	-1.98177450178544E+001
 1.80000000000000E+008	-1.21999512267010E+001	-1.93933537560729E+001
 1.90000000000000E+008	-1.23260617743261E+001	-1.90133975007376E+001
 2.00000000000000E+008	-1.24045532103381E+001	-1.86706348469564E+001
 2.10000000000000E+008	-1.24403148515675E+001	-1.83592986643322E+001
 2.20000000000000E+008	-1.24393129863177E+001	-1.80751116625699E+001
 2.30000000000000E+008	-1.24092361780082E+001	-1.78143789180055E+001
 2.40000000000000E+008	-1.23576488051750E+001	-1.75740344293093E+001
 2.50000000000000E+008	-1.22913792996998E+001	-1.73515390368524E+001
 2.60000000000000E+008	-1.22162336642708E+001	-1.71446441250892E+001
 2.70000000000000E+008	-1.21368260142468E+001	-1.69517842226653E+001
 2.80000000000000E+008	-1.20569615903735E+001	-1.67715467198538E+001
 2.90000000000000E+008	-1.19795993827675E+001	-1.66027727405707E+001
 3.00000000000000E+008	-1.19070012940126E+001	-1.64445093965747E+001
 3.10000000000000E+008	-1.18405318706966E+001	-1.62958534256623E+001
 3.20000000000000E+008	-1.17817128912949E+001	-1.61562719868602E+001
 3.30000000000000E+008	-1.17314857813476E+001	-1.60252133746405E+001
 3.40000000000000E+008	-1.16905260369502E+001	-1.59022047886786E+001
 3.50000000000000E+008	-1.16593012979782E+001	-1.57868325347715E+001
 3.60000000000000E+008	-1.16375857875992E+001	-1.56786535366777E+001
 3.70000000000000E+008	-1.16260252331911E+001	-1.55774092649129E+001
 3.80000000000000E+008	-1.16246791172599E+001	-1.54827766556821E+001
 3.90000000000000E+008	-1.16335030625641E+001	-1.53944407715319E+001
 4.00000000000000E+008	-1.16523552117929E+001	-1.53120872078443E+001
 4.10000000000000E+008	-1.16803440343263E+001	-1.52353727941000E+001
 4.20000000000000E+008	-1.17177552344098E+001	-1.51640045624725E+001
 4.30000000000000E+008	-1.17641563328181E+001	-1.50976399442337E+001
 4.40000000000000E+008	-1.18190080696488E+001	-1.50359212330205E+001
 4.50000000000000E+008	-1.18816593263275E+001	-1.49784752127465E+001
 4.60000000000000E+008	-1.19505869892487E+001	-1.49249384927350E+001
 4.70000000000000E+008	-1.20256346291769E+001	-1.48748985268828E+001
 4.80000000000000E+008	-1.21058004117433E+001	-1.48279452757751E+001
 4.90000000000000E+008	-1.21899688211934E+001	-1.47836638321422E+001
 5.00000000000000E+008	-1.22769200873768E+001	-1.47416397180459E+001
 5.10000000000000E+008	-1.23644934087955E+001	-1.47015257210399E+001
 5.20000000000000E+008	-1.24521415923244E+001	-1.46628714738874E+001
 5.30000000000000E+008	-1.25384503655589E+001	-1.46252984192152E+001
 5.40000000000000E+008	-1.26219995933263E+001	-1.45884528687270E+001
 5.50000000000000E+008	-1.27014022534062E+001	-1.45520115809238E+001
 5.60000000000000E+008	-1.27744113633306E+001	-1.45157643371375E+001
 5.70000000000000E+008	-1.28407623385506E+001	-1.44793828362628E+001
 5.80000000000000E+008	-1.28994329446487E+001	-1.44426578955612E+001
 5.90000000000001E+008	-1.29496030701782E+001	-1.44054235107720E+001
 6.00000000000001E+008	-1.29906864377911E+001	-1.43675570577804E+001
 6.10000000000001E+008	-1.30213823004006E+001	-1.43290532277609E+001
 6.20000000000001E+008	-1.30426210739399E+001	-1.42897905939304E+001
 6.30000000000001E+008	-1.30546189647922E+001	-1.42497663941695E+001
 6.40000000000001E+008	-1.30578490732643E+001	-1.42090122836039E+001
 6.50000000000001E+008	-1.30530204101596E+001	-1.41675903852652E+001
 6.60000000000001E+008	-1.30401304951263E+001	-1.41256496728896E+001
 6.70000000000001E+008	-1.30212455830072E+001	-1.40832320366787E+001
 6.80000000000001E+008	-1.29976017094336E+001	-1.40404662936733E+001
 6.90000000000001E+008	-1.29705353332890E+001	-1.39974954178400E+001
 7.00000000000001E+008	-1.29414487374943E+001	-1.39544729086791E+001
 7.10000000000001E+008	-1.29109992918258E+001	-1.39116048777870E+001
 7.20000000000001E+008	-1.28814897916416E+001	-1.38690053652494E+001
 7.30000000000001E+008	-1.28543442634815E+001	-1.38268426471927E+001
 7.40000000000000E+008	-1.28309398343098E+001	-1.37852849280477E+001
 7.50000000000000E+008	-1.28125815237450E+001	-1.37444985333547E+001
 7.60000000000000E+008	-1.27998975150797E+001	-1.37046826821095E+001
 7.70000000000000E+008	-1.27946298423345E+001	-1.36659569022504E+001
 7.80000000000000E+008	-1.27976670475457E+001	-1.36284742493304E+001
 7.90000000000000E+008	-1.28096530926699E+001	-1.35923801904419E+001
 8.00000000000000E+008	-1.28309019405153E+001	-1.35578111055559E+001
 8.10000000000000E+008	-1.28609446589239E+001	-1.35249287959337E+001
 8.20000000000000E+008	-1.28994812111424E+001	-1.34938111016903E+001
 8.30000000000000E+008	-1.29449670081262E+001	-1.34645563932194E+001
 8.40000000000000E+008	-1.29947969987663E+001	-1.34372449015620E+001
 8.50000000000000E+008	-1.30450067512952E+001	-1.34119355449678E+001
 8.60000000000000E+008	-1.30898160543860E+001	-1.33887056829939E+001
 8.70000000000000E+008	-1.31217783920206E+001	-1.33675204091861E+001
 8.80000000000000E+008	-1.31311279619328E+001	-1.33483529739365E+001
 8.90000000000000E+008	-1.31061278865841E+001	-1.33311407907774E+001
 9.00000000000000E+008	-1.30337031024478E+001	-1.33157826578362E+001
 9.10000000000000E+008	-1.29004030129175E+001	-1.33021867956842E+001
 9.20000000000000E+008	-1.26948977235965E+001	-1.32901199175733E+001
 9.30000000000000E+008	-1.24095566883601E+001	-1.32793558821275E+001
 9.40000000000000E+008	-1.20423495872119E+001	-1.32696273904877E+001
 9.50000000000000E+008	-1.15976062825698E+001	-1.32606258319757E+001
 9.59999999999999E+008	-1.10846179144549E+001	-1.32520437318999E+001
 9.69999999999999E+008	-1.05185399682859E+001	-1.32434258314503E+001
 9.79999999999999E+008	-9.91614113472086E+000	-1.32343005432198E+001
 9.89999999999999E+008	-9.29462915909148E+000	-1.32241056098641E+001
 9.99999999999999E+008	-8.67040645272972E+000	-1.32121526183746E+001
 1.01000000000000E+009	-8.05750855853758E+000	-1.31976030494044E+001
 1.02000000000000E+009	-7.47060520998974E+000	-1.31793465274414E+001
 1.03000000000000E+009	-6.92201713568767E+000	-1.31560636242885E+001
 1.04000000000000E+009	-6.42302226296073E+000	-1.31262085868748E+001
 1.05000000000000E+009	-5.98399130249469E+000	-1.30881010891199E+001
 1.06000000000000E+009	-5.61406586482279E+000	-1.30400584827901E+001
 1.07000000000000E+009	-5.32194114659304E+000	-1.29808171729828E+001
 1.08000000000000E+009	-5.11362291656904E+000	-1.29097853050117E+001
 1.09000000000000E+009	-4.99232653097169E+000	-1.28273405205224E+001
 1.10000000000000E+009	-4.95785318148147E+000	-1.27349274071203E+001
 1.11000000000000E+009	-5.00753324450139E+000	-1.26347354194207E+001
 1.12000000000000E+009	-5.13328710123586E+000	-1.25298304441357E+001
 1.13000000000000E+009	-5.32474931649168E+000	-1.24232208768383E+001
 1.14000000000000E+009	-5.56960818912796E+000	-1.23175929953202E+001
 1.15000000000000E+009	-5.85465246201819E+000	-1.22150670044400E+001
 1.16000000000000E+009	-6.16899075928989E+000	-1.21170152264312E+001
 1.17000000000000E+009	-6.49808100702433E+000	-1.20245198025907E+001
 1.18000000000000E+009	-6.83067323966436E+000	-1.19380677962627E+001
 1.19000000000000E+009	-7.15709745992060E+000	-1.18578596004376E+001
 1.20000000000000E+009	-7.46939913841366E+000	-1.17839428726344E+001
 1.21000000000000E+009	-7.76363827255730E+000	-1.17163068867213E+001
 1.22000000000000E+009	-8.03278740452412E+000	-1.16550139537369E+001
 1.23000000000000E+009	-8.27383827882432E+000	-1.16001442061826E+001
 1.24000000000000E+009	-8.48522413528319E+000	-1.15518681529666E+001
 1.25000000000000E+009	-8.66662834795359E+000	-1.15104541487488E+001
 1.26000000000000E+009	-8.82043742285300E+000	-1.14763211901808E+001
 1.27000000000000E+009	-8.94621762478557E+000	-1.14498631371147E+001
 1.28000000000000E+009	-9.04610580700739E+000	-1.14315639381737E+001
 1.29000000000000E+009	-9.12263079018878E+000	-1.14219262132948E+001
 1.30000000000000E+009	-9.17852865918751E+000	-1.14214303897834E+001
 1.31000000000000E+009	-9.21762997265640E+000	-1.14305667353058E+001
 1.32000000000000E+009	-9.24140486016702E+000	-1.14495434911236E+001
 1.33000000000000E+009	-9.25245302728614E+000	-1.14784796154122E+001
 1.34000000000000E+009	-9.25315443682715E+000	-1.15172825707054E+001
 1.35000000000000E+009	-9.24563159609365E+000	-1.15656151993177E+001
 1.36000000000000E+009	-9.23236706704805E+000	-1.16229281691870E+001
 1.37000000000000E+009	-9.21418243660798E+000	-1.16882885891378E+001
 1.38000000000000E+009	-9.19241248344531E+000	-1.17605964685498E+001
 1.39000000000000E+009	-9.16814850282689E+000	-1.18385580724449E+001
 1.40000000000000E+009	-9.14226692478230E+000	-1.19207444003506E+001
 1.41000000000000E+009	-9.11588249547886E+000	-1.20056480227174E+001
 1.42000000000000E+009	-9.08905976718554E+000	-1.20917630499706E+001
 1.43000000000000E+009	-9.06223493913537E+000	-1.21776710591071E+001
 1.44000000000000E+009	-9.03574955914540E+000	-1.22620814506319E+001
 1.45000000000000E+009	-9.00987409748806E+000	-1.23438731028930E+001
 1.46000000000000E+009	-8.98515149791239E+000	-1.24220536627667E+001
 1.47000000000000E+009	-8.96141387186739E+000	-1.24959544581222E+001
 1.48000000000000E+009	-8.93882220493767E+000	-1.25650607622433E+001
 1.49000000000000E+009	-8.91751694772296E+000	-1.26290453260566E+001
 1.50000000000000E+009	-8.89762316256799E+000	-1.26877469593477E+001
 1.51000000000000E+009	-8.87954412049350E+000	-1.27410520541586E+001
 1.52000000000000E+009	-8.86308451392440E+000	-1.27891441654929E+001
 1.53000000000000E+009	-8.84834119606839E+000	-1.28322071484058E+001
 1.54000000000000E+009	-8.83540162843999E+000	-1.28704885062295E+001
 1.55000000000000E+009	-8.82434409695470E+000	-1.29042786600108E+001
 1.56000000000000E+009	-8.81552627779812E+000	-1.29337966521140E+001
 1.57000000000000E+009	-8.80872003034798E+000	-1.29594702224711E+001
 1.58000000000000E+009	-8.80397721396698E+000	-1.29816284734366E+001
 1.59000000000000E+009	-8.80133944622321E+000	-1.30005927315459E+001
 1.60000000000000E+009	-8.80083771263370E+000	-1.30166708375415E+001
 1.61000000000000E+009	-8.80279579397256E+000	-1.30300635142814E+001
 1.62000000000000E+009	-8.80692261896503E+000	-1.30411370562755E+001
 1.63000000000000E+009	-8.81321431793264E+000	-1.30501420681610E+001
 1.64000000000000E+009	-8.82165310500728E+000	-1.30573083272924E+001
 1.65000000000000E+009	-8.83220602447663E+000	-1.30628453496753E+001
 1.66000000000000E+009	-8.84515208234818E+000	-1.30668640765704E+001
 1.67000000000000E+009	-8.86010129602820E+000	-1.30696218869098E+001
 1.68000000000000E+009	-8.87696544169102E+000	-1.30712748558802E+001
 1.69000000000000E+009	-8.89563362562597E+000	-1.30719646189195E+001
 1.70000000000000E+009	-8.91597002937016E+000	-1.30718202841231E+001
 1.71000000000000E+009	-8.93816860573206E+000	-1.30708916062759E+001
 1.72000000000000E+009	-8.96168608184251E+000	-1.30693624185078E+001
 1.73000000000000E+009	-8.98629836087751E+000	-1.30673359798249E+001
 1.74000000000000E+009	-9.01174896598092E+000	-1.30649110810643E+001
 1.75000000000000E+009	-9.03774899205324E+000	-1.30621840114170E+001
 1.76000000000000E+009	-9.06436029454122E+000	-1.30591911713975E+001
 1.77000000000000E+009	-9.09085529845188E+000	-1.30560928409082E+001
 1.78000000000000E+009	-9.11686254020895E+000	-1.30529878569539E+001
 1.79000000000000E+009	-9.14199688014623E+000	-1.30499784543397E+001
 1.80000000000000E+009	-9.16587105638965E+000	-1.30471706932387E+001
 1.81000000000000E+009	-9.18850319520916E+000	-1.30446237060951E+001
 1.82000000000000E+009	-9.20914835705754E+000	-1.30425041569971E+001
 1.83000000000000E+009	-9.22750568748971E+000	-1.30409246311642E+001
 1.84000000000000E+009	-9.24333983495789E+000	-1.30399954841629E+001
 1.85000000000000E+009	-9.25649682961715E+000	-1.30398212527510E+001
 1.86000000000000E+009	-9.26729931496067E+000	-1.30404545574985E+001
 1.87000000000000E+009	-9.27538624019020E+000	-1.30420214813353E+001
 1.88000000000000E+009	-9.28088733229694E+000	-1.30445838397790E+001
 1.88999999999999E+009	-9.28401533796655E+000	-1.30481817608338E+001
 1.89999999999999E+009	-9.28504600787793E+000	-1.30528315098654E+001
 1.90999999999999E+009	-9.28465091052259E+000	-1.30584905912050E+001
 1.91999999999999E+009	-9.28277267295223E+000	-1.30651641026249E+001
 1.92999999999999E+009	-9.27970592149107E+000	-1.30727983367187E+001
 1.93999999999999E+009	-9.27569326607964E+000	-1.30813219166084E+001
 1.94999999999999E+009	-9.27090221772524E+000	-1.30906502713089E+001
 1.95999999999999E+009	-9.26573395948336E+000	-1.31006614520120E+001
 1.96999999999999E+009	-9.25981630722066E+000	-1.31112893475570E+001
 1.97999999999999E+009	-9.25301880548209E+000	-1.31224375090421E+001
 1.98999999999999E+009	-9.24511074374152E+000	-1.31340135797746E+001
 1.99999999999999E+009	-9.23576943956404E+000	-1.31459319094400E+001
