FREQ	Re[Gain(U1,0)]	Im[Gain(U1,0)]
 1.00000000000000E+007	-4.02204894107833E+001	-1.16619801358208E+001
 2.00000000000000E+007	-4.41993106011735E+001	-4.87998900834364E-001
 3.00000000000000E+007	-4.32257712543971E+001	 5.13252085077761E+000
 4.00000000000000E+007	-4.21279717248654E+001	 8.72624461056932E+000
 5.00000000000000E+007	-4.12253051612676E+001	 1.16942821017117E+001
 6.00000000000000E+007	-4.03945085367045E+001	 1.44934490891487E+001
 7.00000000000000E+007	-3.95101238645965E+001	 1.72744559745779E+001
 8.00000000000000E+007	-3.84792964336740E+001	 2.00767364722070E+001
 9.00000000000000E+007	-3.72360769074000E+001	 2.28913089950128E+001
 1.00000000000000E+008	-3.57366930748496E+001	 2.56841064261733E+001
 1.10000000000000E+008	-3.39576226444088E+001	 2.84072692950324E+001
 1.20000000000000E+008	-3.18927114690243E+001	 3.10092626442136E+001
 1.30000000000000E+008	-2.95520558594497E+001	 3.34385825418294E+001
 1.40000000000000E+008	-2.69556680578895E+001	 3.56500725728494E+001
 1.50000000000000E+008	-2.41114180057655E+001	 3.76012681812675E+001
 1.60000000000000E+008	-2.10723900886762E+001	 3.90408940600094E+001
 1.70000000000000E+008	-1.82483025237415E+001	 4.04442378676092E+001
 1.80000000000000E+008	-1.51206980377708E+001	 4.15688105090016E+001
 1.90000000000000E+008	-1.19527391903796E+001	 4.23604976985065E+001
 2.00000000000000E+008	-8.79171721985387E+000	 4.28615328323514E+001
 2.10000000000000E+008	-5.66762556988453E+000	 4.30976400841583E+001
 2.20000000000000E+008	-2.60132653516970E+000	 4.30917793316484E+001
 2.30000000000000E+008	 3.91307897397144E-001	 4.28660311165244E+001
 2.40000000000000E+008	 3.29949479039056E+000	 4.24410744965217E+001
 2.50000000000000E+008	 6.11652786706293E+000	 4.18355556142532E+001
 2.60000000000000E+008	 8.83853674328335E+000	 4.10666928034727E+001
 2.70000000000000E+008	 1.14644003151534E+001	 4.01473923347457E+001
 2.80000000000000E+008	 1.39937850260316E+001	 3.90887008980910E+001
 2.90000000000000E+008	 1.64268661805158E+001	 3.78993595429537E+001
 3.00000000000000E+008	 1.87637839996303E+001	 3.65861087618918E+001
 3.10000000000000E+008	 2.10049883476900E+001	 3.51549897420132E+001
 3.20000000000000E+008	 2.31490390688728E+001	 3.36088953053703E+001
 3.30000000000000E+008	 2.51939894325608E+001	 3.19506559865173E+001
 3.40000000000000E+008	 2.71368529241967E+001	 3.01825574255696E+001
 3.50000000000000E+008	 2.89735687527673E+001	 2.83066801268089E+001
 3.60000000000000E+008	 3.07005707087599E+001	 2.63255225679883E+001
 3.70000000000000E+008	 3.23104875620405E+001	 2.42411492740069E+001
 3.80000000000000E+008	 3.37963440338220E+001	 2.20567341364111E+001
 3.90000000000000E+008	 3.51504607469750E+001	 1.97763353137419E+001
 4.00000000000000E+008	 3.63646496912552E+001	 1.74050821707268E+001
 4.10000000000000E+008	 3.74322983779901E+001	 1.49485345293979E+001
 4.20000000000000E+008	 3.83430695183927E+001	 1.24147821290187E+001
 4.30000000000000E+008	 3.90886036328752E+001	 9.81283310877464E+000
 4.40000000000000E+008	 3.96610294915552E+001	 7.15307956461279E+000
 4.50000000000000E+008	 4.00532327680847E+001	 4.44724601227172E+000
 4.60000000000000E+008	 4.02605640429728E+001	 1.70628093176915E+000
 4.70000000000000E+008	 4.02764671874108E+001	-1.05411177888592E+000
 4.80000000000000E+008	 4.00974621625004E+001	-3.81899302468528E+000
 4.90000000000000E+008	 3.97216790921494E+001	-6.57276860752942E+000
 5.00000000000000E+008	 3.91489687312957E+001	-9.29945356313514E+000
 5.10000000000000E+008	 3.83812896978847E+001	-1.19858170940983E+001
 5.20000000000000E+008	 3.74212665865009E+001	-1.46131893888715E+001
 5.30000000000000E+008	 3.62739957898502E+001	-1.71660305708413E+001
 5.40000000000000E+008	 3.49461960978148E+001	-1.96295065452531E+001
 5.50000000000000E+008	 3.34460529497976E+001	-2.19897176055590E+001
 5.60000000000000E+008	 3.17818772298611E+001	-2.42368803470918E+001
 5.70000000000000E+008	 2.99648673808225E+001	-2.63563234234891E+001
 5.80000000000000E+008	 2.80063769168175E+001	-2.83378332773821E+001
 5.90000000000001E+008	 2.59183397067156E+001	-3.01726081918187E+001
 6.00000000000001E+008	 2.37130299000579E+001	-3.18532547444631E+001
 6.10000000000001E+008	 2.14003379871650E+001	-3.33761078947071E+001
 6.20000000000001E+008	 1.89947447019113E+001	-3.47336602943076E+001
 6.30000000000001E+008	 1.65083404146066E+001	-3.59222722148235E+001
 6.40000000000001E+008	 1.39528114223043E+001	-3.69393168030169E+001
 6.50000000000001E+008	 1.13393327220896E+001	-3.77830141348226E+001
 6.60000000000001E+008	 8.67508113518326E+000	-3.84535104455954E+001
 6.70000000000001E+008	 5.97331594080080E+000	-3.89484655030293E+001
 6.80000000000001E+008	 3.24344871125953E+000	-3.92675644056736E+001
 6.90000000000001E+008	 4.94312377103057E-001	-3.94106283347615E+001
 7.00000000000001E+008	-2.26576858403592E+000	-3.93774498510678E+001
 7.10000000000001E+008	-5.03275722312495E+000	-3.91675764613129E+001
 7.20000000000001E+008	-7.79513282221764E+000	-3.87798992355628E+001
 7.30000000000001E+008	-1.05453513197821E+001	-3.82133069695769E+001
 7.40000000000000E+008	-1.32758102040323E+001	-3.74661834362910E+001
 7.50000000000000E+008	-1.59786410886821E+001	-3.65363529186345E+001
 7.60000000000000E+008	-1.86494720963128E+001	-3.54195376101275E+001
 7.70000000000000E+008	-2.12750941443513E+001	-3.41134147034296E+001
 7.80000000000000E+008	-2.38453555832728E+001	-3.26141543240057E+001
 7.90000000000000E+008	-2.63488056714861E+001	-3.09175460602410E+001
 8.00000000000000E+008	-2.87724056454561E+001	-2.90191816976990E+001
 8.10000000000000E+008	-3.11049655318751E+001	-2.69114608779618E+001
 8.20000000000000E+008	-3.33254038597253E+001	-2.45930120016636E+001
 8.30000000000000E+008	-3.54141928595271E+001	-2.20606499927215E+001
 8.40000000000000E+008	-3.73492138507852E+001	-1.93125217601183E+001
 8.50000000000000E+008	-3.91056495568721E+001	-1.63487195085422E+001
 8.60000000000000E+008	-4.06586355844994E+001	-1.31666055678668E+001
 8.70000000000000E+008	-4.19746933659098E+001	-9.77696350574075E+000
 8.80000000000000E+008	-4.30213412179139E+001	-6.19021837940641E+000
 8.90000000000000E+008	-4.37643627267861E+001	-2.42189587243617E+000
 9.00000000000000E+008	-4.41685462649416E+001	 1.50658691084849E+000
 9.10000000000000E+008	-4.41985723139345E+001	 5.57468804004333E+000
 9.20000000000000E+008	-4.38188382965459E+001	 9.74024437609577E+000
 9.30000000000000E+008	-4.29974198840799E+001	 1.39604601316466E+001
 9.40000000000000E+008	-4.17062466296097E+001	 1.81849363155422E+001
 9.50000000000000E+008	-3.99225605565535E+001	 2.23557996908580E+001
 9.59999999999999E+008	-3.76254683695944E+001	 2.64158849301316E+001
 9.69999999999999E+008	-3.48099777346182E+001	 3.02847681000168E+001
 9.79999999999999E+008	-3.14780939912329E+001	 3.38839287105688E+001
 9.89999999999999E+008	-2.76435041230762E+001	 3.71290558222524E+001
 9.99999999999999E+008	-2.33339205480254E+001	 3.99307467626409E+001
 1.01000000000000E+009	-1.85835420479146E+001	 4.21999038815029E+001
 1.02000000000000E+009	-1.34673764482498E+001	 4.38347375748380E+001
 1.03000000000000E+009	-8.07773191009485E+000	 4.47430284551953E+001
 1.04000000000000E+009	-2.53703430650100E+000	 4.48435639886893E+001
 1.05000000000000E+009	 3.00044041989371E+000	 4.40777915114484E+001
 1.06000000000000E+009	 8.36434268529329E+000	 4.24190139612816E+001
 1.07000000000000E+009	 1.33405501263993E+001	 3.98999724062815E+001
 1.08000000000000E+009	 1.77315094640609E+001	 3.66160874838816E+001
 1.09000000000000E+009	 2.13702964865932E+001	 3.27266713410540E+001
 1.10000000000000E+009	 2.41472531778593E+001	 2.84406614502423E+001
 1.11000000000000E+009	 2.60297504506681E+001	 2.39770132317179E+001
 1.12000000000000E+009	 2.70520200218435E+001	 1.95704831495081E+001
 1.13000000000000E+009	 2.73187740448412E+001	 1.54050210033048E+001
 1.14000000000000E+009	 2.69729245840460E+001	 1.16084223827867E+001
 1.15000000000000E+009	 2.61690504870420E+001	 8.24951856739736E+000
 1.16000000000000E+009	 2.50464926246123E+001	 5.33954550591729E+000
 1.17000000000000E+009	 2.37325585637520E+001	 2.86951802589042E+000
 1.18000000000000E+009	 2.23228175340937E+001	 7.97679452037763E-001
 1.19000000000000E+009	 2.08856281715464E+001	-9.28191513635887E-001
 1.20000000000000E+009	 1.94660691419388E+001	-2.36206827916824E+000
 1.21000000000000E+009	 1.80856651701992E+001	-3.55566851190898E+000
 1.22000000000000E+009	 1.67641452710761E+001	-4.55041063847327E+000
 1.23000000000000E+009	 1.55059544919362E+001	-5.38342696275912E+000
 1.24000000000000E+009	 1.43096325349978E+001	-6.08451148956815E+000
 1.25000000000000E+009	 1.31702990507745E+001	-6.67675667670183E+000
 1.26000000000000E+009	 1.20779860476728E+001	-7.17661365146371E+000
 1.27000000000000E+009	 1.10300006274434E+001	-7.59687612074026E+000
 1.28000000000000E+009	 1.00198574075844E+001	-7.94609135903607E+000
 1.29000000000000E+009	 9.04214963097118E+000	-8.22964739456943E+000
 1.30000000000000E+009	 8.09292841229898E+000	-8.45057671179204E+000
 1.31000000000000E+009	 7.16796697300764E+000	-8.60881659629611E+000
 1.32000000000000E+009	 6.26920833945474E+000	-8.70629709801705E+000
 1.33000000000000E+009	 5.39769613741555E+000	-8.74330308806940E+000
 1.34000000000000E+009	 4.55592500762450E+000	-8.72037287192696E+000
 1.35000000000000E+009	 3.74751773340738E+000	-8.63874844004372E+000
 1.36000000000000E+009	 2.97598201133474E+000	-8.49918593285767E+000
 1.37000000000000E+009	 2.24711371240611E+000	-8.30677573539080E+000
 1.38000000000000E+009	 1.56523464949009E+000	-8.06620568031161E+000
 1.39000000000000E+009	 9.34044289408766E-001	-7.78321416986538E+000
 1.40000000000000E+009	 3.56297870244011E-001	-7.46433661800750E+000
 1.41000000000000E+009	-1.66524349146378E-001	-7.11540335600474E+000
 1.42000000000000E+009	-6.33727186269972E-001	-6.74490901816910E+000
 1.43000000000000E+009	-1.04615939174679E+000	-6.35976359684742E+000
 1.44000000000000E+009	-1.40570988685705E+000	-5.96638232936032E+000
 1.45000000000000E+009	-1.71511206085757E+000	-5.57048488145007E+000
 1.46000000000000E+009	-1.97753806998209E+000	-5.17620000225972E+000
 1.47000000000000E+009	-2.19686581514536E+000	-4.78849863804975E+000
 1.48000000000000E+009	-2.37705982567705E+000	-4.41054976500438E+000
 1.49000000000000E+009	-2.52209589690004E+000	-4.04473144754797E+000
 1.50000000000000E+009	-2.63582708937835E+000	-3.69271940433572E+000
 1.51000000000000E+009	-2.72162776837280E+000	-3.35511477539954E+000
 1.52000000000000E+009	-2.78311104314378E+000	-3.03307620582503E+000
 1.53000000000000E+009	-2.82332047022821E+000	-2.72677734497667E+000
 1.54000000000000E+009	-2.84496862581807E+000	-2.43609316788104E+000
 1.55000000000000E+009	-2.85044192464101E+000	-2.16067982289630E+000
 1.56000000000000E+009	-2.84156454610709E+000	-1.89975220183743E+000
 1.57000000000000E+009	-2.82039269603008E+000	-1.65306831724613E+000
 1.58000000000000E+009	-2.78845465732725E+000	-1.41997314325042E+000
 1.59000000000000E+009	-2.74704462680327E+000	-1.19979455767217E+000
 1.60000000000000E+009	-2.69725063581450E+000	-9.91869356581725E-001
 1.61000000000000E+009	-2.63975573695875E+000	-7.95384442118622E-001
 1.62000000000000E+009	-2.57555536588568E+000	-6.09963248860024E-001
 1.63000000000000E+009	-2.50527053764916E+000	-4.35061228527358E-001
 1.64000000000000E+009	-2.42941105441964E+000	-2.70195083686270E-001
 1.65000000000000E+009	-2.34839450445214E+000	-1.14947692059949E-001
 1.66000000000000E+009	-2.26236214180849E+000	 3.11361353890315E-002
 1.67000000000000E+009	-2.17181234034206E+000	 1.68200003331145E-001
 1.68000000000000E+009	-2.07698416006993E+000	 2.96449945396776E-001
 1.69000000000000E+009	-1.97808765754865E+000	 4.16018180436981E-001
 1.70000000000000E+009	-1.87531828223077E+000	 5.26963541153042E-001
 1.71000000000000E+009	-1.76868698135533E+000	 6.29328590441332E-001
 1.72000000000000E+009	-1.65859817740933E+000	 7.22955126257899E-001
 1.73000000000000E+009	-1.54529134991285E+000	 8.07696123615951E-001
 1.74000000000000E+009	-1.42905225843116E+000	 8.83345215186443E-001
 1.75000000000000E+009	-1.31022919582459E+000	 9.49645889206597E-001
 1.76000000000000E+009	-1.18907807767977E+000	 1.00631242662337E+000
 1.77000000000000E+009	-1.06630072574383E+000	 1.05300245657680E+000
 1.78000000000000E+009	-9.42525722366212E-001	 1.08940213097540E+000
 1.79000000000000E+009	-8.18498797685777E-001	 1.11522470064002E+000
 1.80000000000000E+009	-6.95087100122202E-001	 1.13024157038341E+000
 1.81000000000000E+009	-5.73125979278811E-001	 1.13427398575755E+000
 1.82000000000000E+009	-4.53873243799068E-001	 1.12733942168052E+000
 1.83000000000000E+009	-3.38505619691873E-001	 1.10959857791905E+000
 1.84000000000000E+009	-2.28248020544838E-001	 1.08141006652352E+000
 1.85000000000000E+009	-1.24327740648351E-001	 1.04335391163223E+000
 1.86000000000000E+009	-2.78141253992759E-002	 9.96152514749022E-001
 1.87000000000000E+009	 6.00972710076718E-002	 9.40925257785427E-001
 1.88000000000000E+009	 1.38511758186478E-001	 8.78922425544975E-001
 1.88999999999999E+009	 2.06758324163895E-001	 8.11559982288850E-001
 1.89999999999999E+009	 2.64429458295302E-001	 7.40364037637165E-001
 1.90999999999999E+009	 3.11443860792330E-001	 6.66798013347767E-001
 1.91999999999999E+009	 3.47901075470033E-001	 5.92519762040989E-001
 1.92999999999999E+009	 3.74240601410441E-001	 5.18986508416361E-001
 1.93999999999999E+009	 3.91137308986729E-001	 4.47505075320753E-001
 1.94999999999999E+009	 3.99452613343562E-001	 3.79188648867268E-001
 1.95999999999999E+009	 4.00163878980766E-001	 3.14846743522018E-001
 1.96999999999999E+009	 3.94337057114022E-001	 2.55243619860629E-001
 1.97999999999999E+009	 3.83061786351155E-001	 2.00820215442103E-001
 1.98999999999999E+009	 3.67401373532112E-001	 1.51811152258507E-001
 1.99999999999999E+009	 3.48356615261852E-001	 1.08271292994999E-001
 2.00999999999999E+009	 3.26803068720335E-001	 7.00622971836031E-002
 2.01999999999999E+009	 3.03585464162170E-001	 3.70337753629368E-002
 2.02999999999999E+009	 2.79404410068195E-001	 8.88825956888654E-003
 2.03999999999999E+009	 2.54849064096283E-001	-1.47293314584929E-002
 2.04999999999999E+009	 2.30402289907824E-001	-3.42076856663563E-002
 2.05999999999999E+009	 2.06414186878307E-001	-4.99633817183665E-002
 2.06999999999999E+009	 1.83222267909807E-001	-6.23751473763294E-002
 2.07999999999999E+009	 1.61049316457382E-001	-7.18340003851064E-002
 2.08999999999999E+009	 1.40053370956509E-001	-7.87104428064713E-002
 2.09999999999999E+009	 1.20338583107582E-001	-8.33494028834440E-002
 2.10999999999999E+009	 1.01941069903307E-001	-8.60645780814414E-002
 2.11999999999999E+009	 8.49150572765386E-002	-8.71420738928645E-002
 2.12999999999999E+009	 6.92576374538286E-002	-8.68408225211398E-002
 2.13999999999999E+009	 5.49446703282517E-002	-8.53912711320750E-002
 2.14999999999999E+009	 4.19361963117068E-002	-8.29970158389435E-002
 2.15999999999999E+009	 3.01679773058862E-002	-7.98273888670682E-002
 2.16999999999999E+009	 1.95978784890529E-002	-7.60469550587191E-002
 2.17999999999999E+009	 1.01613475594286E-002	-7.17917642851326E-002
 2.18999999999999E+009	 1.79113590842177E-003	-6.71793573904928E-002
 2.19999999999999E+009	-5.58096804726113E-003	-6.23108307873594E-002
 2.20999999999999E+009	-1.20272209282516E-002	-5.72624333730268E-002
 2.21999999999999E+009	-1.76070410706523E-002	-5.21189153346073E-002
 2.22999999999999E+009	-2.23854001232540E-002	-4.69431713124369E-002
 2.23999999999999E+009	-2.64247650146085E-002	-4.17883043514423E-002
 2.24999999999999E+009	-2.97847960322543E-002	-3.66989084046520E-002
 2.25999999999999E+009	-3.25209366091761E-002	-3.17035754045268E-002
 2.26999999999999E+009	-3.46864652008961E-002	-2.68429150951553E-002
 2.27999999999999E+009	-3.63322895733843E-002	-2.21422788521684E-002
 2.28999999999999E+009	-3.75063001787255E-002	-1.76222073465299E-002
 2.29999999999999E+009	-3.82534655253192E-002	-1.32990814982216E-002
 2.30999999999999E+009	-3.86114522796298E-002	-9.17977450652008E-003
 2.31999999999999E+009	-3.86235219277685E-002	-5.28112266554785E-003
 2.32999999999999E+009	-3.83268603817105E-002	-1.61004060808200E-003
 2.33999999999999E+009	-3.77562366122773E-002	 1.82892924029540E-003
 2.34999999999999E+009	-3.69441395726860E-002	 5.03331349891605E-003
 2.35999999999999E+009	-3.59149514522348E-002	 8.00549051742263E-003
 2.36999999999999E+009	-3.47028248196999E-002	 1.07422015080244E-002
 2.37999999999999E+009	-3.33342982968056E-002	 1.32458455068874E-002
 2.38999999999999E+009	-3.18340744509740E-002	 1.55200543019806E-002
 2.39999999999999E+009	-3.02251123381078E-002	 1.75695439238091E-002
 2.40999999999999E+009	-2.85225990207313E-002	 1.94004807382560E-002
 2.41999999999999E+009	-2.67526563850398E-002	 2.10179806435490E-002
 2.42999999999999E+009	-2.49335613569409E-002	 2.24293721123517E-002
 2.43999999999999E+009	-2.30821163600107E-002	 2.36426095594595E-002
 2.44999999999999E+009	-2.12137059812435E-002	 2.46661788122233E-002
 2.45999999999999E+009	-1.93369498745712E-002	 2.55075404097324E-002
 2.46999999999999E+009	-1.74704829935996E-002	 2.61768614080661E-002
 2.47999999999999E+009	-1.56257753416317E-002	 2.66838034013665E-002
 2.48999999999999E+009	-1.38130667519249E-002	 2.70382222503129E-002
 2.49999999999999E+009	-1.20414164781378E-002	 2.72500929940174E-002
 2.50999999999999E+009	-1.03145403446428E-002	 2.73266872777033E-002
 2.51999999999999E+009	-8.64411292317975E-003	 2.72804703632078E-002
 2.52999999999999E+009	-7.03595127602493E-003	 2.71214464430302E-002
 2.53999999999999E+009	-5.49489466763330E-003	 2.68594700132745E-002
 2.54999999999999E+009	-4.02486254750481E-003	 2.65041912312824E-002
 2.55999999999999E+009	-2.62603100002861E-003	 2.60616258589025E-002
 2.56999999999999E+009	-1.30411817223749E-003	 2.55442119425630E-002
 2.57999999999999E+009	-6.06103540656256E-005	 2.49607730660400E-002
 2.58999999999999E+009	 1.10368689037008E-003	 2.43197563533426E-002
 2.59999999999999E+009	 2.18858635159592E-003	 2.36292057904101E-002
 2.60999999999999E+009	 3.19610837396977E-003	 2.28932617796890E-002
 2.61999999999999E+009	 4.12499586476837E-003	 2.21227165305698E-002
 2.62999999999999E+009	 4.97659790315295E-003	 2.13243358911742E-002
 2.63999999999999E+009	 5.75264530160319E-003	 2.05044240559255E-002
 2.64999999999999E+009	 6.45519614606646E-003	 1.96688234775425E-002
 2.65999999999999E+009	 7.08723881664886E-003	 1.88197030565359E-002
 2.66999999999999E+009	 7.65033778798716E-003	 1.79654438020382E-002
 2.67999999999999E+009	 8.14728154545935E-003	 1.71105548607186E-002
 2.68999999999999E+009	 8.58099775383805E-003	 1.62591154583468E-002
 2.69999999999999E+009	 8.95451516748206E-003	 1.54147916145390E-002
 2.70999999999999E+009	 9.27086849196246E-003	 1.45781007597360E-002
 2.71999999999999E+009	 9.53303228858515E-003	 1.37549593671667E-002
 2.72999999999999E+009	 9.74418343389484E-003	 1.29479077790695E-002
 2.73999999999999E+009	 9.90748019166557E-003	 1.21591512756112E-002
 2.74999999999999E+009	 1.00260413461458E-002	 1.13905824897758E-002
 2.75999999999999E+009	 1.01024153088428E-002	 1.06415808846847E-002
 2.76999999999999E+009	 1.01399901234854E-002	 9.91596296747089E-003
 2.77999999999999E+009	 1.01416978564879E-002	 9.21480509842406E-003
 2.78999999999999E+009	 1.01103728105989E-002	 8.53895700888407E-003
 2.79999999999999E+009	 1.00487437725180E-002	 7.88906239975657E-003
 2.80999999999999E+009	 9.95867578282225E-003	 7.26387043974364E-003
 2.81999999999999E+009	 9.84338518165414E-003	 6.66560785732006E-003
 2.82999999999999E+009	 9.70527451082628E-003	 6.09439886323854E-003
 2.83999999999999E+009	 9.54662464403862E-003	 5.55023394377339E-003
 2.84999999999999E+009	 9.36959489488945E-003	 5.03298546046851E-003
 2.85999999999999E+009	 9.17538763354790E-003	 4.54116610638583E-003
 2.86999999999999E+009	 8.96677212690218E-003	 4.07589904684417E-003
 2.87999999999999E+009	 8.74556352083305E-003	 3.63676891859225E-003
 2.88999999999999E+009	 8.51346226839137E-003	 3.22329408703747E-003
 2.89999999999999E+009	 8.27205789187866E-003	 2.83493697903939E-003
 2.90999999999999E+009	 8.02201588010432E-003	 2.47022864015565E-003
 2.91999999999999E+009	 7.76557644195868E-003	 2.12957919585137E-003
 2.92999999999999E+009	 7.50402705327935E-003	 1.81232154871261E-003
 2.93999999999999E+009	 7.23856054946701E-003	 1.51776569742768E-003
 2.94999999999999E+009	 6.97027992459749E-003	 1.24520483257555E-003
 2.95999999999999E+009	 6.69946748400460E-003	 9.93324992428795E-004
 2.96999999999999E+009	 6.42785471480349E-003	 7.62107195370469E-004
 2.97999999999999E+009	 6.15630506423517E-003	 5.50812004969262E-004
 2.98999999999999E+009	 5.88561007235935E-003	 3.58702029429407E-004
 2.99999999999999E+009	 5.61649388766981E-003	 1.85045074217593E-004
 3.00999999999999E+009	 5.34802671472566E-003	 1.58652801747192E-005
 3.01999999999999E+009	 5.08197604375751E-003	-1.34812239781726E-004
 3.02999999999999E+009	 4.81899614119800E-003	-2.67755276767858E-004
 3.03999999999999E+009	 4.55968192518054E-003	-3.83718351941689E-004
 3.04999999999999E+009	 4.30457319353375E-003	-4.83441060540570E-004
 3.05999999999999E+009	 4.05415863547647E-003	-5.67646721281811E-004
 3.06999999999999E+009	 3.80887963117841E-003	-6.37041296906579E-004
 3.07999999999999E+009	 3.56913384402100E-003	-6.92312554775074E-004
 3.08999999999999E+009	 3.33527861039938E-003	-7.34129439248641E-004
 3.09999999999999E+009	 3.10763413460231E-003	-7.63141630756220E-004
 3.10999999999999E+009	 2.88648649615856E-003	-7.79979268986652E-004
 3.11999999999999E+009	 2.67209047689054E-003	-7.85252819566571E-004
 3.12999999999999E+009	 2.46467221669874E-003	-7.79553066430950E-004
 3.13999999999999E+009	 2.26443170546227E-003	-7.63451213497005E-004
 3.14999999999999E+009	 2.07154512034927E-003	-7.37499081535287E-004
 3.15999999999999E+009	 1.88616701601687E-003	-7.02229387301632E-004
 3.16999999999999E+009	 1.70843237645822E-003	-6.58156094019904E-004
 3.17999999999999E+009	 1.53845853620316E-003	-6.05774823114122E-004
 3.18999999999999E+009	 1.37634697891704E-003	-5.45563318970856E-004
 3.19999999999999E+009	 1.22218502044959E-003	-4.77981958747000E-004
 3.20999999999999E+009	 1.07604738401459E-003	-4.03474301248593E-004
 3.21999999999999E+009	 9.37997674147810E-004	-3.22467669004112E-004
 3.22999999999999E+009	 8.08089755982012E-004	-2.35373758814355E-004
 3.23999999999999E+009	 6.86369046218146E-004	-1.42589276897552E-004
 3.24999999999999E+009	 5.72873721626995E-004	-4.44965951743344E-005
 3.25999999999999E+009	 4.67635850579815E-004	 5.85355740314947E-005
 3.26999999999999E+009	 3.70682452955822E-004	 1.66151487070546E-004
 3.27999999999999E+009	 2.82036493246565E-004	 2.78007663532221E-004
 3.28999999999999E+009	 2.01717811469386E-004	 3.93772167573371E-004
 3.29999999999999E+009	 1.29743996167666E-004	 5.13123876876928E-004
 3.30999999999999E+009	 6.61312034719188E-005	 6.35751739748190E-004
 3.31999999999999E+009	 1.08949259032213E-005	 7.61354020547087E-004
 3.32999999999999E+009	-3.59492857209360E-005	 8.89637533238773E-004
 3.33999999999999E+009	-7.43851440501309E-005	 1.02031686279589E-003
 3.34999999999999E+009	-1.04394987847647E-004	 1.15311357366463E-003
 3.35999999999999E+009	-1.25959182782871E-004	 1.28775540446599E-003
 3.36999999999999E+009	-1.39055558040030E-004	 1.42397544772435E-003
 3.37999999999999E+009	-1.43658876440925E-004	 1.56151131355659E-003
 3.38999999999999E+009	-1.39740336071091E-004	 1.70010427519369E-003
 3.39999999999999E+009	-1.27267101635411E-004	 1.83949839543916E-003
 3.40999999999999E+009	-1.06201863587634E-004	 1.97943963128156E-003
 3.41999999999999E+009	-7.65024238086715E-005	 2.11967491505462E-003
 3.42999999999999E+009	-3.81213058336045E-005	 2.25995120973523E-003
 3.43999999999999E+009	 8.99461129294583E-006	 2.40001453528666E-003
 3.44999999999999E+009	 6.49044375032222E-005	 2.53960896431240E-003
 3.45999999999999E+009	 1.29673595572638E-004	 2.67847558212093E-003
 3.46999999999999E+009	 2.03374126131398E-004	 2.81635140974892E-003
 3.47999999999999E+009	 2.86084975437909E-004	 2.95296828447406E-003
 3.48999999999999E+009	 3.77892267816394E-004	 3.08805169420076E-003
 3.49999999999999E+009	 4.78889564702666E-004	 3.22131956080546E-003
 3.50999999999999E+009	 5.89178113020636E-004	 3.35248096655368E-003
 3.51999999999999E+009	 7.08867085610312E-004	 3.48123481731641E-003
 3.52999999999999E+009	 8.38073817251995E-004	 3.60726843511836E-003
 3.53999999999999E+009	 9.76924040274130E-004	 3.73025607123194E-003
 3.54999999999999E+009	 1.12555212461167E-003	 3.84985732945061E-003
 3.55999999999999E+009	 1.28410132818855E-003	 3.96571548735516E-003
 3.56999999999999E+009	 1.45272406423590E-003	 4.07745570100083E-003
 3.57999999999999E+009	 1.63158219347879E-003	 4.18468307512937E-003
 3.58999999999999E+009	 1.82084735083021E-003	 4.28698057892332E-003
 3.59999999999999E+009	 2.02070131663605E-003	 4.38390677982525E-003
 3.60999999999999E+009	 2.23133644551320E-003	 4.47499336650051E-003
 3.61999999999999E+009	 2.45295616616748E-003	 4.55974242172249E-003
 3.62999999999999E+009	 2.68577556833708E-003	 4.63762340041604E-003
 3.63999999999999E+009	 2.93002209415807E-003	 4.70806975653670E-003
 3.64999999999999E+009	 3.18593635275435E-003	 4.77047515018261E-003
 3.65999999999999E+009	 3.45377307896430E-003	 4.82418915190139E-003
 3.66999999999999E+009	 3.73380225734766E-003	 4.86851234234450E-003
 3.67999999999999E+009	 4.02631043255851E-003	 4.90269068037880E-003
 3.68999999999999E+009	 4.33160222751777E-003	 4.92590898787568E-003
 3.69999999999999E+009	 4.65000208624348E-003	 4.93728336097958E-003
 3.70999999999999E+009	 4.98185625424914E-003	 4.93585227470462E-003
 3.71999999999999E+009	 5.32753499996366E-003	 4.92056609529445E-003
 3.72999999999999E+009	 5.68743506557348E-003	 4.89027464383954E-003
 3.73999999999999E+009	 6.06198231455844E-003	 4.84371237329403E-003
 3.74999999999999E+009	 6.45163450900710E-003	 4.77948061209747E-003
 3.75999999999999E+009	 6.85688410000836E-003	 4.69602619520833E-003
 3.76999999999999E+009	 7.27826084402622E-003	 4.59161563525328E-003
 3.77999999999999E+009	 7.71633394861571E-003	 4.46430376898312E-003
 3.78999999999999E+009	 8.17171330207454E-003	 4.31189554778586E-003
 3.79999999999999E+009	 8.64504911177335E-003	 4.13189928758841E-003
 3.80999999999999E+009	 9.13702895410646E-003	 3.92146925930310E-003
 3.81999999999999E+009	 9.64837075614913E-003	 3.67733492927817E-003
 3.82999999999999E+009	 1.01798095318047E-002	 3.39571345173096E-003
 3.83999999999999E+009	 1.07320746539843E-002	 3.07220110078947E-003
 3.84999999999999E+009	 1.13058529147647E-002	 2.70163819738831E-003
 3.85999999999999E+009	 1.19017303322391E-002	 2.27794068708781E-003
 3.86999999999999E+009	 1.25201022405048E-002	 1.79388985747742E-003
 3.87999999999999E+009	 1.31610360327888E-002	 1.24086980343717E-003
 3.88999999999999E+009	 1.38240631257014E-002	 6.08540368267128E-004
 3.89999999999999E+009	 1.45078648733007E-002	-1.15568048700993E-004
 3.90999999999999E+009	 1.52097991881393E-002	-9.46551031053315E-004
 3.91999999999999E+009	 1.59251874414603E-002	-1.90272653549265E-003
 3.92999999999999E+009	 1.66462404615911E-002	-3.00632542771091E-003
 3.93999999999999E+009	 1.73604426399008E-002	-4.28423632113040E-003
 3.94999999999999E+009	 1.80481289435057E-002	-5.76869067259031E-003
 3.95999999999999E+009	 1.86788809410482E-002	-7.49762177357200E-003
 3.96999999999998E+009	 1.92062549149278E-002	-9.51413256065153E-003
 3.97999999999998E+009	 1.95603164895221E-002	-1.18639498615604E-002
 3.98999999999998E+009	 1.96377182314005E-002	-1.45887759709583E-002
 3.99999999999998E+009	 1.92901663841639E-002	-1.77119816804395E-002
 4.00999999999998E+009	 1.82625743851186E-002	-2.12691799269166E-002
 4.01999999999998E+009	 1.63321208392242E-002	-2.50831188446245E-002
 4.02999999999998E+009	 1.32302420265285E-002	-2.88805622873787E-002
 4.03999999999998E+009	 8.77830753843725E-003	-3.21845306432219E-002
 4.04999999999998E+009	 3.05436781097327E-003	-3.43444735356511E-002
 4.05999999999998E+009	-3.45508071314098E-003	-3.47243382893607E-002
 4.06999999999998E+009	-9.88927962150019E-003	-3.30198140297925E-002
 4.07999999999998E+009	-1.53236234446220E-002	-2.94803454107748E-002
 4.08999999999998E+009	-1.91639095385553E-002	-2.48072866393482E-002
 4.09999999999998E+009	-2.13115382373208E-002	-1.98057857096996E-002
 4.10999999999998E+009	-2.20360409514101E-002	-1.50858268227516E-002
 4.11999999999998E+009	-2.17444753702864E-002	-1.09711593807688E-002
 4.12999999999998E+009	-2.08168262555518E-002	-7.55808912334490E-003
 4.13999999999998E+009	-1.95411526385239E-002	-4.81239460738409E-003
 4.14999999999998E+009	-1.81110860554717E-002	-2.64458546870617E-003
 4.15999999999998E+009	-1.66465572420754E-002	-9.53111610664715E-004
 4.16999999999998E+009	-1.52168882135696E-002	 3.55769145779329E-004
 4.17999999999998E+009	-1.38590838884612E-002	 1.36120133647003E-003
 4.18999999999998E+009	-1.25904761278802E-002	 2.12710702717589E-003
 4.19999999999998E+009	-1.14168755540095E-002	 2.70397143480542E-003
 4.20999999999998E+009	-1.03376194322498E-002	 3.13125884555236E-003
 4.21999999999998E+009	-9.34861536736588E-003	 3.43971908346805E-003
 4.22999999999998E+009	-8.44413726501022E-003	 3.65333754079035E-003
 4.23999999999998E+009	-7.61786082793417E-003	 3.79089342692183E-003
 4.24999999999998E+009	-6.86344199690340E-003	 3.86716982394112E-003
 4.25999999999998E+009	-6.17482382802795E-003	 3.89387991429733E-003
 4.26999999999998E+009	-5.54638404945561E-003	 3.88037144105422E-003
 4.27999999999998E+009	-4.97299077264838E-003	 3.83416164035357E-003
 4.28999999999998E+009	-4.45000670405022E-003	 3.76134398813401E-003
 4.29999999999998E+009	-3.97326581698248E-003	 3.66689846242697E-003
 4.30999999999998E+009	-3.53903657824223E-003	 3.55492921737178E-003
 4.31999999999998E+009	-3.14397988381831E-003	 3.42884754666961E-003
 4.32999999999998E+009	-2.78510630083642E-003	 3.29151345970522E-003
 4.33999999999998E+009	-2.45973508985537E-003	 3.14534580041305E-003
 4.34999999999998E+009	-2.16545622735153E-003	 2.99240832725352E-003
 4.35999999999998E+009	-1.90009592123783E-003	 2.83447731118050E-003
 4.36999999999998E+009	-1.66168570176786E-003	 2.67309483370963E-003
 4.37999999999998E+009	-1.44843494957238E-003	 2.50961094718770E-003
 4.38999999999998E+009	-1.25870661550631E-003	 2.34521710152593E-003
 4.39999999999998E+009	-1.09099584615954E-003	 2.18097267573760E-003
 4.40999999999998E+009	-9.43911223784007E-004	 2.01782602933198E-003
 4.41999999999998E+009	-8.16158346503083E-004	 1.85663117041049E-003
 4.42999999999998E+009	-7.06525499688786E-004	 1.69816089655461E-003
 4.43999999999998E+009	-6.13871197353641E-004	 1.54311708481327E-003
 4.44999999999998E+009	-5.37113402407020E-004	 1.39213866751993E-003
 4.45999999999998E+009	-4.75220259877935E-004	 1.24580772651385E-003
 4.46999999999998E+009	-4.27202200852844E-004	 1.10465405942994E-003
 4.47999999999998E+009	-3.92105294607185E-004	 9.69158508992845E-004
 4.48999999999998E+009	-3.69005741999914E-004	 8.39755300551965E-004
 4.49999999999998E+009	-3.57005416185001E-004	 7.16833595722495E-004
 4.50999999999998E+009	-3.55228365371318E-004	 6.00738442138662E-004
 4.51999999999998E+009	-3.62818199092017E-004	 4.91771275856443E-004
 4.52999999999998E+009	-3.78936283215307E-004	 3.90190114568233E-004
 4.53999999999998E+009	-4.02760670729614E-004	 2.96209563335566E-004
 4.54999999999998E+009	-4.33485695649309E-004	 2.10000740958475E-004
 4.55999999999998E+009	-4.70322156588451E-004	 1.31691221322288E-004
 4.56999999999998E+009	-5.12498014929170E-004	 6.13650719918777E-005
 4.57999999999998E+009	-5.59259530932069E-004	-9.36940239242776E-007
 4.58999999999998E+009	-6.09872759474203E-004	-5.52169194928748E-005
 4.59999999999998E+009	-6.63625326304947E-004	-1.01519141663419E-004
 4.60999999999998E+009	-7.19828405211524E-004	-1.39929053541488E-004
 4.61999999999998E+009	-7.77818818228656E-004	-1.70571950026985E-004
 4.62999999999998E+009	-8.36961182263756E-004	-1.93611321467489E-004
 4.63999999999998E+009	-8.96650030239944E-004	-2.09246874573281E-004
 4.64999999999998E+009	-9.56311839081624E-004	-2.17712241252890E-004
 4.65999999999998E+009	-1.01540690349923E-003	-2.19272399438247E-004
 4.66999999999998E+009	-1.07343100217710E-003	-2.14220838389254E-004
 4.67999999999998E+009	-1.12991681077725E-003	-2.02876508158753E-004
 4.68999999999998E+009	-1.18443502612851E-003	-1.85580598176364E-004
 4.69999999999998E+009	-1.23659517466811E-003	-1.62693193659831E-004
 4.70999999999998E+009	-1.28604608824279E-003	-1.34589860818363E-004
 4.71999999999998E+009	-1.33247603977892E-003	-1.01658211835554E-004
 4.72999999999998E+009	-1.37561254013312E-003	-6.42944997077292E-005
 4.73999999999998E+009	-1.41522180572187E-003	-2.29002903994831E-005
 4.74999999999998E+009	-1.45110791383409E-003	 2.21207441420387E-005
 4.75999999999998E+009	-1.48311166882526E-003	 7.03658732738155E-005
 4.76999999999998E+009	-1.51110920730888E-003	 1.21436161726774E-004
 4.77999999999998E+009	-1.53501037453881E-003	 1.74939103244209E-004
 4.78999999999998E+009	-1.55475690636382E-003	 2.30491012346983E-004
 4.79999999999998E+009	-1.57032045321210E-003	 2.87719159482124E-004
 4.80999999999998E+009	-1.58170048210538E-003	 3.46263640295067E-004
 4.81999999999998E+009	-1.58892209301881E-003	 4.05778976048863E-004
 4.82999999999998E+009	-1.59203378337852E-003	 4.65935446627330E-004
 4.83999999999998E+009	-1.59110519344528E-003	 5.26420163053177E-004
 4.84999999999998E+009	-1.58622486161331E-003	 5.86937889444392E-004
 4.85999999999998E+009	-1.57749801644643E-003	 6.47211628472867E-004
 4.86999999999998E+009	-1.56504442803272E-003	 7.06982986099407E-004
 4.87999999999998E+009	-1.54899633900053E-003	 7.66012334003962E-004
 4.88999999999998E+009	-1.52949649059566E-003	 8.24078788856397E-004
 4.89999999999998E+009	-1.50669625730544E-003	 8.80980028595779E-004
 4.90999999999998E+009	-1.48075389920770E-003	 9.36531965792854E-004
 4.91999999999998E+009	-1.45183293886534E-003	 9.90568298177571E-004
 4.92999999999998E+009	-1.42010066684956E-003	 1.04293995570492E-003
 4.93999999999998E+009	-1.38572677714113E-003	 1.09351446240048E-003
 4.94999999999998E+009	-1.34888213204896E-003	 1.14217523050254E-003
 4.95999999999998E+009	-1.30973765438809E-003	 1.18882080278166E-003
 4.96999999999998E+009	-1.26846334284580E-003	 1.23336405755430E-003
 4.97999999999998E+009	-1.22522740579037E-003	 1.27573138976349E-003
 4.98999999999998E+009	-1.18019550732420E-003	 1.31586187931476E-003
 4.99999999999998E+009	-1.13353011922082E-003	 1.35370645751608E-003
 5.00999999999998E+009	-1.04958019853397E-003	 1.41824125035451E-003
 5.01999999999998E+009	-9.65681894344239E-004	 1.47112147482034E-003
 5.02999999999998E+009	-8.82897401040965E-004	 1.51417186745140E-003
 5.03999999999998E+009	-8.01836289161879E-004	 1.54892562117209E-003
 5.04999999999998E+009	-7.22819881198220E-004	 1.57664371947156E-003
 5.05999999999998E+009	-6.45990520433477E-004	 1.59835215046158E-003
 5.06999999999998E+009	-5.71382616705430E-004	 1.61488219003067E-003
 5.07999999999998E+009	-4.98968094601585E-004	 1.62690739459386E-003
 5.08999999999998E+009	-4.28685050994713E-004	 1.63497514313756E-003
 5.09999999999998E+009	-3.60455540430936E-004	 1.63953250364453E-003
 5.10999999999998E+009	-2.94196384143438E-004	 1.64094699016806E-003
 5.11999999999998E+009	-2.29825536731895E-004	 1.63952302075731E-003
 5.12999999999998E+009	-1.67265647089366E-004	 1.63551488518546E-003
 5.13999999999998E+009	-1.06445866151901E-004	 1.62913693566612E-003
 5.14999999999998E+009	-4.73025760422412E-005	 1.62057159392569E-003
 5.15999999999998E+009	 1.02205287115442E-005	 1.60997565034620E-003
 5.16999999999998E+009	 6.61727341258844E-005	 1.59748523138500E-003
 5.17999999999998E+009	 1.20596801389486E-004	 1.58321972870986E-003
 5.18999999999998E+009	 1.73529555792189E-004	 1.56728491793339E-003
 5.19999999999998E+009	 2.25002504005695E-004	 1.54977544349535E-003
 5.20999999999998E+009	 2.75042441002327E-004	 1.53077680631711E-003
 5.21999999999998E+009	 3.23672024507146E-004	 1.51036696016302E-003
 5.22999999999998E+009	 3.70910305890362E-004	 1.48861759892352E-003
 5.23999999999998E+009	 4.16773212769848E-004	 1.46559519884909E-003
 5.24999999999998E+009	 4.61273983093153E-004	 1.44136186599797E-003
 5.25999999999998E+009	 5.04423552228905E-004	 1.41597602767218E-003
 5.26999999999998E+009	 5.46230896459530E-004	 1.38949299905043E-003
 5.27999999999998E+009	 5.86703336382024E-004	 1.36196544924955E-003
 5.28999999999998E+009	 6.25846804413884E-004	 1.33344378606454E-003
 5.29999999999998E+009	 6.63666079974009E-004	 1.30397647459976E-003
 5.30999999999998E+009	 7.00164996133339E-004	 1.27361030223263E-003
 5.31999999999998E+009	 7.35346621198180E-004	 1.24239059973559E-003
 5.32999999999998E+009	 7.69213418077593E-004	 1.21036142599401E-003
 5.33999999999998E+009	 8.01767384373773E-004	 1.17756572319099E-003
 5.34999999999998E+009	 8.33010175536913E-004	 1.14404544717265E-003
 5.35999999999998E+009	 8.62943213326560E-004	 1.10984167731912E-003
 5.36999999999998E+009	 8.91567781302714E-004	 1.07499470926776E-003
 5.37999999999998E+009	 9.18885109403846E-004	 1.03954413318853E-003
 5.38999999999998E+009	 9.44896448444014E-004	 1.00352889964010E-003
 5.39999999999998E+009	 9.69603136498324E-004	 9.66987375317513E-004
 5.40999999999998E+009	 9.93006657739380E-004	 9.29957389610096E-004
 5.41999999999998E+009	 1.01510869485918E-003	 8.92476273328901E-004
 5.42999999999998E+009	 1.03591117609108E-003	 8.54580890942920E-004
 5.43999999999998E+009	 1.05541631702685E-003	 8.16307666323857E-004
 5.44999999999998E+009	 1.07362665849211E-003	 7.77692603472629E-004
 5.45999999999998E+009	 1.09054510034023E-003	 7.38771301975699E-004
 5.46999999999998E+009	 1.10617493200935E-003	 6.99578967986215E-004
 5.47999999999998E+009	 1.12051986012866E-003	 6.60150420853625E-004
 5.48999999999998E+009	 1.13358403305853E-003	 6.20520095482990E-004
 5.49999999999998E+009	 1.14537206312912E-003	 5.80722040590444E-004
 5.50999999999998E+009	 1.15588904623810E-003	 5.40789912840731E-004
 5.51999999999998E+009	 1.16514057906628E-003	 5.00756966754243E-004
 5.52999999999998E+009	 1.17313277371425E-003	 4.60656040150269E-004
 5.53999999999998E+009	 1.17987226979435E-003	 4.20519535125539E-004
 5.54999999999998E+009	 1.18536624367684E-003	 3.80379393980125E-004
 5.55999999999998E+009	 1.18962241441629E-003	 3.40267069771678E-004
 5.56999999999998E+009	 1.19264904597532E-003	 3.00213491084198E-004
 5.57999999999998E+009	 1.19445494501896E-003	 2.60249020322030E-004
 5.58999999999998E+009	 1.19504945343796E-003	 2.20403404795040E-004
 5.59999999999998E+009	 1.19444243423198E-003	 1.80705719807353E-004
 5.60999999999998E+009	 1.19264424943971E-003	 1.41184302843530E-004
 5.61999999999998E+009	 1.18966572787603E-003	 1.01866677594978E-004
 5.62999999999998E+009	 1.18551812031294E-003	 6.27794668509320E-005
 5.63999999999998E+009	 1.18021303864173E-003	 2.39482927336935E-005
 5.64999999999998E+009	 1.17376237467043E-003	-1.46023369181601E-005
 5.65999999999998E+009	 1.16617819308131E-003	-5.28491574639782E-005
 5.66999999999998E+009	 1.15747259132390E-003	-9.07702927302663E-005
 5.67999999999998E+009	 1.14765751687968E-003	-1.28345417489123E-004
 5.68999999999998E+009	 1.13674453014488E-003	-1.65555936917392E-004
 5.69999999999998E+009	 1.12474449685259E-003	-2.02385181504396E-004
 5.70999999999998E+009	 1.11166719001940E-003	-2.38818613375158E-004
 5.71999999999998E+009	 1.09752077525505E-003	-2.74844035750555E-004
 5.72999999999998E+009	 1.08231114608770E-003	-3.10451790769571E-004
 5.73999999999998E+009	 1.06604106734173E-003	-3.45634920395203E-004
 5.74999999999998E+009	 1.04870907451294E-003	-3.80389249007442E-004
 5.75999999999998E+009	 1.03030806683095E-003	-4.14713321092811E-004
 5.76999999999998E+009	 1.01082352230625E-003	-4.48608089817252E-004
 5.77999999999998E+009	 9.90231261601033E-004	-4.82076195850522E-004
 5.78999999999998E+009	 9.68494699156562E-004	-5.15120594030760E-004
 5.79999999999998E+009	 9.45561565740095E-004	-5.47742170974701E-004
 5.80999999999998E+009	 9.21360192369360E-004	-5.79935845512474E-004
 5.81999999999998E+009	 8.95795661080706E-004	-6.11684462748631E-004
 5.82999999999998E+009	 8.68746525992346E-004	-6.42949621251780E-004
 5.83999999999998E+009	 8.40063477942607E-004	-6.73658511867360E-004
 5.84999999999998E+009	 8.09572346644690E-004	-7.03686121049721E-004
 5.85999999999998E+009	 7.77085158889005E-004	-7.32833163461558E-004
 5.86999999999998E+009	 7.42424206977619E-004	-7.60802445047966E-004
 5.87999999999998E+009	 7.05464112642586E-004	-7.87180538596273E-004
 5.88999999999998E+009	 6.66193598298298E-004	-8.11437351461623E-004
 5.89999999999998E+009	 6.24789582997530E-004	-8.32960736513168E-004
 5.90999999999998E+009	 5.81681052460824E-004	-8.51140640644304E-004
 5.91999999999998E+009	 5.37565606315557E-004	-8.65500079939400E-004
 5.92999999999998E+009	 4.93343084021393E-004	-8.75838748670264E-004
 5.93999999999998E+009	 4.49961882180409E-004	-8.82327408426402E-004
 5.94999999999998E+009	 4.08224913298290E-004	-8.85497059782062E-004
 5.95999999999998E+009	 3.68635159674482E-004	-8.86116348436033E-004
 5.96999999999998E+009	 3.31342263566842E-004	-8.85011053622397E-004
 5.97999999999998E+009	 2.96194266806098E-004	-8.82902672100478E-004
 5.98999999999998E+009	 2.62849500529160E-004	-8.80316622537933E-004
 5.99999999999998E+009	 2.30893377498770E-004	-8.77565111794870E-004
 6.00999999999998E+009	 2.00899482628945E-004	-8.75353732411989E-004
 6.01999999999998E+009	 1.71534444982204E-004	-8.73175958337434E-004
 6.02999999999998E+009	 1.42536147369130E-004	-8.70958953969497E-004
 6.03999999999998E+009	 1.13718564791025E-004	-8.68589965400404E-004
 6.04999999999998E+009	 8.49606965394254E-005	-8.65942738889564E-004
 6.05999999999998E+009	 5.61929134321938E-005	-8.62893439243991E-004
 6.06999999999998E+009	 2.73841052316718E-005	-8.59329087319841E-004
 6.07999999999998E+009	-1.46903195055600E-006	-8.55151207046071E-004
 6.08999999999998E+009	-3.03503309395963E-005	-8.50276666930676E-004
 6.09999999999998E+009	-5.92303653668598E-005	-8.44637030214616E-004
 6.10999999999998E+009	-8.80709482805112E-005	-8.38177218049901E-004
 6.11999999999998E+009	-1.16828325622019E-004	-8.30853947132132E-004
 6.12999999999998E+009	-1.45455410985183E-004	-8.22634185749339E-004
 6.13999999999998E+009	-1.73903332767134E-004	-8.13493744483324E-004
 6.14999999999998E+009	-2.02122496602169E-004	-8.03416045245777E-004
 6.15999999999998E+009	-2.30063310526285E-004	-7.92391073918982E-004
 6.16999999999998E+009	-2.57676677973120E-004	-7.80414503154740E-004
 6.17999999999998E+009	-2.84914332692732E-004	-7.67486964554914E-004
 6.18999999999998E+009	-3.11729067282555E-004	-7.53613447141658E-004
 6.19999999999998E+009	-3.38074890965931E-004	-7.38802801043262E-004
 6.20999999999997E+009	-3.63907141383949E-004	-7.23067326639308E-004
 6.21999999999997E+009	-3.89182567064103E-004	-7.06422433026034E-004
 6.22999999999997E+009	-4.13859392066349E-004	-6.88886351900393E-004
 6.23999999999997E+009	-4.37897370381470E-004	-6.70479895291625E-004
 6.24999999999997E+009	-4.61257835217857E-004	-6.51226247971424E-004
 6.25999999999997E+009	-4.83903746287104E-004	-6.31150786766583E-004
 6.26999999999997E+009	-5.05799737359879E-004	-6.10280920647056E-004
 6.27999999999997E+009	-5.26912165006064E-004	-5.88645946371615E-004
 6.28999999999997E+009	-5.47209159424870E-004	-5.66276915847602E-004
 6.29999999999997E+009	-5.66660677382368E-004	-5.43206511541785E-004
 6.30999999999997E+009	-5.85238557401222E-004	-5.19468927453977E-004
 6.31999999999997E+009	-6.02916576923362E-004	-4.95099753286695E-004
 6.32999999999997E+009	-6.19670511232156E-004	-4.70135859779987E-004
 6.33999999999997E+009	-6.35478193738532E-004	-4.44615284032660E-004
 6.34999999999997E+009	-6.50319577351394E-004	-4.18577113109710E-004
 6.35999999999997E+009	-6.64176796476252E-004	-3.92061365031069E-004
 6.36999999999997E+009	-6.77034229322271E-004	-3.65108866128440E-004
 6.37999999999997E+009	-6.88878560247897E-004	-3.37761123812382E-004
 6.38999999999997E+009	-6.99698841765414E-004	-3.10060194052186E-004
 6.39999999999997E+009	-7.09486556001623E-004	-2.82048542775615E-004
 6.40999999999997E+009	-7.18235675468469E-004	-2.53768900369249E-004
 6.41999999999997E+009	-7.25942723003698E-004	-2.25264108643400E-004
 6.42999999999997E+009	-7.32606830773377E-004	-1.96576959208429E-004
 6.43999999999997E+009	-7.38229798518648E-004	-1.67750022563159E-004
 6.44999999999997E+009	-7.42816151126658E-004	-1.38825466649656E-004
 6.45999999999997E+009	-7.46373195811995E-004	-1.09844863693118E-004
 6.46999999999997E+009	-7.48911079247845E-004	-8.08489837036434E-005
 6.47999999999997E+009	-7.50442845433553E-004	-5.18775729480856E-005
 6.48999999999997E+009	-7.50984494743679E-004	-2.29691149070733E-005
 6.49999999999997E+009	-7.50555045352827E-004	 5.83942894514383E-006
 6.50999999999997E+009	-7.49176598131316E-004	 3.45129021808695E-005
 6.51999999999997E+009	-7.46874406524218E-004	 6.30182646559630E-005
 6.52999999999997E+009	-7.43676953083798E-004	 9.13249375838769E-005
 6.53999999999997E+009	-7.39616035067555E-004	 1.19405189376644E-004
 6.54999999999997E+009	-7.34726861412050E-004	 1.47234571358567E-004
 6.55999999999997E+009	-7.29048164278626E-004	 1.74792414710388E-004
 6.56999999999997E+009	-7.22622328715282E-004	 2.02062403282282E-004
 6.57999999999997E+009	-7.15495544553030E-004	 2.29033241264443E-004
 6.58999999999997E+009	-7.07717985211536E-004	 2.55699440156889E-004
 6.59999999999997E+009	-6.99344018680829E-004	 2.82062257103892E-004
 6.60999999999997E+009	-6.90432456158310E-004	 3.08130826691464E-004
 6.61999999999997E+009	-6.81046844115396E-004	 3.33923541912808E-004
 6.62999999999997E+009	-6.71255804404269E-004	 3.59469758838983E-004
 6.63999999999997E+009	-6.61133425436315E-004	 3.84811925236725E-004
 6.64999999999997E+009	-6.50759702908301E-004	 4.10008269625076E-004
 6.65999999999997E+009	-6.40221019454603E-004	 4.35136237888172E-004
 6.66999999999997E+009	-6.29610636857887E-004	 4.60296937386256E-004
 6.67999999999997E+009	-6.19029143877365E-004	 4.85620952649197E-004
 6.68999999999997E+009	-6.08584748849502E-004	 5.11276048823571E-004
 6.69999999999997E+009	-5.98393208999223E-004	 5.37477502848010E-004
 6.70999999999997E+009	-5.88577011415692E-004	 5.64502133985710E-004
 6.71999999999997E+009	-5.79263100673944E-004	 5.92707602262745E-004
 6.72999999999997E+009	-5.70577857205203E-004	 6.22559289674915E-004
 6.73999999999997E+009	-5.62636930298844E-004	 6.54668198391071E-004
 6.74999999999997E+009	-5.55525445701079E-004	 6.89844957583725E-004
 6.75999999999997E+009	-5.49260098601047E-004	 7.29177392873901E-004
 6.76999999999997E+009	-5.43716808377260E-004	 7.74142173047243E-004
 6.77999999999997E+009	-5.38492108361092E-004	 8.26763975343545E-004
 6.78999999999997E+009	-5.32635629552339E-004	 8.89834658477043E-004
 6.79999999999997E+009	-5.24130614981226E-004	 9.67187010264260E-004
 6.80999999999997E+009	-5.08887465249005E-004	 1.06394161195175E-003
 6.81999999999997E+009	-4.78842402759763E-004	 1.18639283698972E-003
 6.82999999999997E+009	-4.18650409388968E-004	 1.34047775623161E-003
 6.83999999999997E+009	-3.01217807927969E-004	 1.52611266705399E-003
 6.84999999999997E+009	-8.65870470407570E-005	 1.72270775130518E-003
 6.85999999999997E+009	 2.60394735001824E-004	 1.86639878886828E-003
 6.86999999999997E+009	 7.16496893176803E-004	 1.84903303194995E-003
 6.87999999999997E+009	 1.15302049235392E-003	 1.59303463521874E-003
 6.88999999999997E+009	 1.40185724312293E-003	 1.15751705351653E-003
 6.89999999999997E+009	 1.40517795271431E-003	 7.16345465439075E-004
 6.90999999999997E+009	 1.25355528324954E-003	 4.03422859626514E-004
 6.91999999999997E+009	 1.06743224252866E-003	 2.30939951232549E-004
 6.92999999999997E+009	 9.07997523227363E-004	 1.49901223724459E-004
 6.93999999999997E+009	 7.87049819255597E-004	 1.15615254041075E-004
 6.94999999999997E+009	 6.98405801442396E-004	 1.02501048031891E-004
 6.95999999999997E+009	 6.33407059822041E-004	 9.81960214039261E-005
 6.96999999999997E+009	 5.85122530367191E-004	 9.70916823332778E-005
 6.97999999999997E+009	 5.48673955715362E-004	 9.67033303053798E-005
 6.98999999999997E+009	 5.20730331677247E-004	 9.59515916765871E-005
 6.99999999999997E+009	 4.99004568818309E-004	 9.43900947124815E-005
 7.00999999999997E+009	 4.97542445493680E-004	 7.41499531948250E-005
 7.01999999999997E+009	 4.95220205666675E-004	 5.42630479640845E-005
 7.02999999999997E+009	 4.92068967870642E-004	 3.47647220304417E-005
 7.03999999999997E+009	 4.88121150961495E-004	 1.56880807084904E-005
 7.04999999999997E+009	 4.83410327468692E-004	-2.93604199893382E-006
 7.05999999999997E+009	 4.77971077484520E-004	-2.10791081880570E-005
 7.06999999999997E+009	 4.71838843476732E-004	-3.87148921894873E-005
 7.07999999999997E+009	 4.65049789527542E-004	-5.58194944889147E-005
 7.08999999999997E+009	 4.57640644251361E-004	-7.23713094088712E-005
 7.09999999999997E+009	 4.49648591312801E-004	-8.83510794936836E-005
 7.10999999999997E+009	 4.41111102154426E-004	-1.03741815556886E-004
 7.11999999999997E+009	 4.32065817151715E-004	-1.18528803877863E-004
 7.12999999999997E+009	 4.22550412074978E-004	-1.32699568039390E-004
 7.13999999999997E+009	 4.12602471459580E-004	-1.46243829928620E-004
 7.14999999999997E+009	 4.02259366205167E-004	-1.59153463876840E-004
 7.15999999999997E+009	 3.91558135784100E-004	-1.71422444243635E-004
 7.16999999999997E+009	 3.80535375369629E-004	-1.83046786762243E-004
 7.17999999999997E+009	 3.69227128305935E-004	-1.94024484028510E-004
 7.18999999999997E+009	 3.57668784136559E-004	-2.04355435488823E-004
 7.19999999999997E+009	 3.45894982528244E-004	-2.14041372328792E-004
 7.20999999999997E+009	 3.33939523399277E-004	-2.23085777690138E-004
 7.21999999999997E+009	 3.21835283415462E-004	-2.31493802650575E-004
 7.22999999999997E+009	 3.09614139146342E-004	-2.39272178432388E-004
 7.23999999999997E+009	 2.97306896998048E-004	-2.46429125303614E-004
 7.24999999999997E+009	 2.84943230149819E-004	-2.52974258686754E-004
 7.25999999999997E+009	 2.72551622520968E-004	-2.58918492952109E-004
 7.26999999999997E+009	 2.60159319908368E-004	-2.64273943426189E-004
 7.27999999999997E+009	 2.47792288304231E-004	-2.69053827124512E-004
 7.28999999999997E+009	 2.35475179403409E-004	-2.73272362739663E-004
 7.29999999999997E+009	 2.23231303222041E-004	-2.76944670383768E-004
 7.30999999999997E+009	 2.11082607777324E-004	-2.80086671609082E-004
 7.31999999999997E+009	 1.99049665703794E-004	-2.82714990217303E-004
 7.32999999999997E+009	 1.87151667566662E-004	-2.84846854309578E-004
 7.33999999999997E+009	 1.75406421788481E-004	-2.86500000090791E-004
 7.34999999999997E+009	 1.63830360821515E-004	-2.87692577837859E-004
 7.35999999999997E+009	 1.52438553357642E-004	-2.88443060463051E-004
 7.36999999999997E+009	 1.41244722272597E-004	-2.88770155078546E-004
 7.37999999999997E+009	 1.30261267908112E-004	-2.88692717890723E-004
 7.38999999999997E+009	 1.19499296399980E-004	-2.88229672786546E-004
 7.39999999999997E+009	 1.08968652610222E-004	-2.87399933854093E-004
 7.40999999999997E+009	 9.86779572968440E-005	-2.86222332134893E-004
 7.41999999999997E+009	 8.86346480973791E-005	-2.84715546782001E-004
 7.42999999999997E+009	 7.88450239037925E-005	-2.82898040813638E-004
 7.43999999999997E+009	 6.93142921970407E-005	-2.80788001584978E-004
 7.44999999999997E+009	 6.00466189094318E-005	-2.78403286068187E-004
 7.45999999999997E+009	 5.10451804171094E-005	-2.75761371007768E-004
 7.46999999999997E+009	 4.23122171984032E-005	-2.72879307931383E-004
 7.47999999999997E+009	 3.38490887988759E-005	-2.69773683042634E-004
 7.48999999999997E+009	 2.56563296760591E-005	-2.66460581895806E-004
 7.49999999999997E+009	 1.77337055581627E-005	-2.62955558798913E-004
 7.50999999999997E+009	 1.00802699699275E-005	-2.59273610806706E-004
 7.51999999999997E+009	 2.69442056325916E-006	-2.55429156175243E-004
 7.52999999999997E+009	-4.42604502470956E-006	-2.51436017112346E-004
 7.53999999999997E+009	-1.12838741029415E-005	-2.47307406631110E-004
 7.54999999999997E+009	-1.78823049060030E-005	-2.43055919317881E-004
 7.55999999999997E+009	-2.42250138283187E-005	-2.38693525771171E-004
 7.56999999999997E+009	-3.03154613537520E-005	-2.34231434123046E-004
 7.57999999999997E+009	-3.61566693597529E-005	-2.29680159166206E-004
 7.58999999999997E+009	-4.17553663858793E-005	-2.25050320895146E-004
 7.59999999999997E+009	-4.71164934699747E-005	-2.20351396337067E-004
 7.60999999999997E+009	-5.22451909234284E-005	-2.15592257944321E-004
 7.61999999999997E+009	-5.71467567443535E-005	-2.10781185283640E-004
 7.62999999999997E+009	-6.18266071629577E-005	-2.05925878728296E-004
 7.63999999999997E+009	-6.63075046198583E-005	-2.01033453019025E-004
 7.64999999999997E+009	-7.05625162852307E-005	-1.96109925753193E-004
 7.65999999999997E+009	-7.46123140148585E-005	-1.91161827841391E-004
 7.66999999999997E+009	-7.84624336919325E-005	-1.86194719877287E-004
 7.67999999999997E+009	-8.21183660590063E-005	-1.81213674190909E-004
 7.68999999999997E+009	-8.55855304473196E-005	-1.76223296183853E-004
 7.69999999999997E+009	-8.88692505859074E-005	-1.71227746288371E-004
 7.70999999999997E+009	-9.19747323845572E-005	-1.66230762413199E-004
 7.71999999999997E+009	-9.49070436331302E-005	-1.61235682746255E-004
 7.72999999999997E+009	-9.76710955126419E-005	-1.56245468779013E-004
 7.73999999999997E+009	-1.00271625835126E-004	-1.51262728481192E-004
 7.74999999999997E+009	-1.02713183900463E-004	-1.46289739496784E-004
 7.75999999999997E+009	-1.05000116892567E-004	-1.41328472310379E-004
 7.76999999999997E+009	-1.07136557681928E-004	-1.36380613330680E-004
 7.77999999999997E+009	-1.09126413959625E-004	-1.31447587824377E-004
 7.78999999999997E+009	-1.10973358585927E-004	-1.26530582687552E-004
 7.79999999999997E+009	-1.12680821059631E-004	-1.21630569044637E-004
 7.80999999999997E+009	-1.14251980024012E-004	-1.16748324628994E-004
 7.81999999999997E+009	-1.15689756686965E-004	-1.11884456036865E-004
 7.82999999999997E+009	-1.16996809123557E-004	-1.07039420788100E-004
 7.83999999999997E+009	-1.18175527329662E-004	-1.02213549308787E-004
 7.84999999999997E+009	-1.19228029000053E-004	-9.74070668336849E-005
 7.85999999999997E+009	-1.20156155954572E-004	-9.26201153190190E-005
 7.86999999999997E+009	-1.20961471164484E-004	-8.78527754448759E-005
 7.87999999999997E+009	-1.21645256360185E-004	-8.31050887679807E-005
 7.88999999999997E+009	-1.22208510186184E-004	-7.83770801545307E-005
 7.89999999999997E+009	-1.22651946916261E-004	-7.36687805784181E-005
 7.90999999999997E+009	-1.22975995733306E-004	-6.89802504249393E-005
 7.91999999999997E+009	-1.23180800625417E-004	-6.43116034222183E-005
 7.92999999999997E+009	-1.23266220958906E-004	-5.96630313226953E-005
 7.93999999999997E+009	-1.23231832814013E-004	-5.50348295074480E-005
 7.94999999999997E+009	-1.23076931216446E-004	-5.04274236481594E-005
 7.95999999999997E+009	-1.22800533413483E-004	-4.58413975725394E-005
 7.96999999999997E+009	-1.22401383397565E-004	-4.12775224928788E-005
 7.97999999999997E+009	-1.21877957915390E-004	-3.67367877503729E-005
 7.98999999999997E+009	-1.21228474253111E-004	-3.22204331951394E-005
 7.99999999999997E+009	-1.20450900136062E-004	-2.77299833415828E-005
 8.00999999999997E+009	-1.19519850037822E-004	-2.42393508966426E-005
 8.01999999999997E+009	-1.18511563694159E-004	-2.08039291193358E-005
 8.02999999999997E+009	-1.17427086734178E-004	-1.74249442631647E-005
 8.03999999999997E+009	-1.16267483924798E-004	-1.41036890205529E-005
 8.04999999999997E+009	-1.15033848142172E-004	-1.08415206125980E-005
 8.05999999999997E+009	-1.13727309148711E-004	-7.63985821498817E-006
 8.06999999999997E+009	-1.12349042123658E-004	-4.50017975428414E-006
 8.07999999999997E+009	-1.10900275934715E-004	-1.42401806212065E-006
 8.08999999999997E+009	-1.09382301086008E-004	 1.58704359033775E-006
 8.09999999999997E+009	-1.07796477324586E-004	 4.53137655609230E-006
 8.10999999999997E+009	-1.06144240857517E-004	 7.40731246855855E-006
 8.11999999999997E+009	-1.04427111140882E-004	 1.02131494653622E-005
 8.12999999999997E+009	-1.02646697201794E-004	 1.29471589631659E-005
 8.13999999999997E+009	-1.00804703455013E-004	 1.56075929409736E-005
 8.14999999999997E+009	-9.89029349751619E-005	 1.81926917315543E-005
 8.15999999999997E+009	-9.69433021820433E-005	 2.07006922630818E-005
 8.16999999999996E+009	-9.49278249083076E-005	 2.31298367307246E-005
 8.17999999999996E+009	-9.28586358019016E-005	 2.54783816587743E-005
 8.18999999999996E+009	-9.07379830465014E-005	 2.77446072964410E-005
 8.19999999999996E+009	-8.85682323407741E-005	 2.99268273305256E-005
 8.20999999999996E+009	-8.63518681369569E-005	 3.20233988213365E-005
 8.21999999999996E+009	-8.40914940865395E-005	 3.40327323562201E-005
 8.22999999999996E+009	-8.17898326816698E-005	 3.59533023256337E-005
 8.23999999999996E+009	-7.94497240706604E-005	 3.77836572850447E-005
 8.24999999999996E+009	-7.70741240346742E-005	 3.95224303195771E-005
 8.25999999999996E+009	-7.46661011077453E-005	 4.11683493638929E-005
 8.26999999999996E+009	-7.22288328475787E-005	 4.27202473978469E-005
 8.27999999999996E+009	-6.97656012454618E-005	 4.41770724506603E-005
 8.28999999999996E+009	-6.72797872980339E-005	 4.55378973331800E-005
 8.29999999999996E+009	-6.47748647384662E-005	 4.68019290474688E-005
 8.30999999999996E+009	-6.22543929615262E-005	 4.79685177771787E-005
 8.31999999999996E+009	-5.97220091657363E-005	 4.90371654007225E-005
 8.32999999999996E+009	-5.71814197401797E-005	 5.00075334610893E-005
 8.33999999999996E+009	-5.46363909579205E-005	 5.08794505079849E-005
 8.34999999999996E+009	-5.20907390020771E-005	 5.16529187683927E-005
 8.35999999999996E+009	-4.95483193903964E-005	 5.23281200714960E-005
 8.36999999999996E+009	-4.70130158697765E-005	 5.29054209776541E-005
 8.37999999999996E+009	-4.44887288336258E-005	 5.33853770570849E-005
 8.38999999999996E+009	-4.19793633379641E-005	 5.37687362896149E-005
 8.39999999999996E+009	-3.94888168080917E-005	 5.40564415226652E-005
 8.40999999999996E+009	-3.70209665016330E-005	 5.42496319880223E-005
 8.41999999999996E+009	-3.45796568202748E-005	 5.43496438359700E-005
 8.42999999999996E+009	-3.21686865596760E-005	 5.43580096821940E-005
 8.43999999999996E+009	-2.97917961911627E-005	 5.42764571674165E-005
 8.44999999999996E+009	-2.74526552471359E-005	 5.41069065301133E-005
 8.45999999999996E+009	-2.51548499180847E-005	 5.38514672147262E-005
 8.46999999999996E+009	-2.29018709392763E-005	 5.35124335311757E-005
 8.47999999999996E+009	-2.06971018573630E-005	 5.30922794093042E-005
 8.48999999999996E+009	-1.85438077427445E-005	 5.25936522838426E-005
 8.49999999999996E+009	-1.64451244430223E-005	 5.20193661641168E-005
 8.50999999999996E+009	-1.44040484320015E-005	 5.13723939450859E-005
 8.51999999999996E+009	-1.24234273248506E-005	 5.06558590289579E-005
 8.52999999999996E+009	-1.05059511105861E-005	 4.98730263243099E-005
 8.53999999999996E+009	-8.65414415205459E-006	 4.90272927044308E-005
 8.54999999999996E+009	-6.87035798994352E-006	 4.81221770049998E-005
 8.55999999999996E+009	-5.15676498356633E-006	 4.71613096477354E-005
 8.56999999999996E+009	-3.51535279718222E-006	 4.61484219744897E-005
 8.57999999999996E+009	-1.94791975886727E-006	 4.50873353862810E-005
 8.58999999999996E+009	-4.56071076903117E-007	 4.39819503727810E-005
 8.59999999999996E+009	 9.58784095113403E-007	 4.28362355204980E-005
 8.60999999999996E+009	 2.29543474993037E-006	 4.16542165925736E-005
 8.61999999999996E+009	 3.55286932877620E-006	 4.04399657553016E-005
 8.62999999999996E+009	 4.73027625032006E-006	 3.91975910373921E-005
 8.63999999999996E+009	 5.82704372617229E-006	 3.79312260979340E-005
 8.64999999999996E+009	 6.84275891854683E-006	 3.66450203672010E-005
 8.65999999999996E+009	 7.77720649838006E-006	 3.53431296300229E-005
 8.66999999999996E+009	 8.63036667941629E-006	 3.40297071045830E-005
 8.67999999999996E+009	 9.40241280689535E-006	 3.27088950615054E-005
 8.68999999999996E+009	 1.00937085764212E-005	 3.13848170335312E-005
 8.69999999999996E+009	 1.07048049808484E-005	 3.00615706342461E-005
 8.70999999999996E+009	 1.12364370747431E-005	 2.87432210145651E-005
 8.71999999999996E+009	 1.16895206490421E-005	 2.74337949695708E-005
 8.72999999999996E+009	 1.20651489243999E-005	 2.61372756904630E-005
 8.73999999999996E+009	 1.23645893589276E-005	 2.48575981578996E-005
 8.74999999999996E+009	 1.25892806768473E-005	 2.35986451554803E-005
 8.75999999999996E+009	 1.27408302302441E-005	 2.23642438631713E-005
 8.76999999999996E+009	 1.28210117881025E-005	 2.11581629992391E-005
 8.77999999999996E+009	 1.28317638726231E-005	 1.99841104387124E-005
 8.78999999999996E+009	 1.27751887399200E-005	 1.88457312481322E-005
 8.79999999999996E+009	 1.26535521157208E-005	 1.77466060432626E-005
 8.80999999999996E+009	 1.24692837845890E-005	 1.66902495727192E-005
 8.81999999999996E+009	 1.22249791351539E-005	 1.56801094086166E-005
 8.82999999999996E+009	 1.19234017534316E-005	 1.47195646105907E-005
 8.83999999999996E+009	 1.15674871577122E-005	 1.38119242050580E-005
 8.84999999999996E+009	 1.11603477523635E-005	 1.29604253085449E-005
 8.85999999999996E+009	 1.07052790745606E-005	 1.21682306982129E-005
 8.86999999999996E+009	 1.02057673934816E-005	 1.14384256054354E-005
 8.87999999999996E+009	 9.66549870625729E-006	 1.07740134852798E-005
 8.88999999999996E+009	 9.08836915278300E-006	 1.01779104917322E-005
 8.89999999999996E+009	 8.47849685285924E-006	 9.65293834845288E-006
 8.90999999999996E+009	 7.84023513351398E-006	 9.20181528203164E-006
 8.91999999999996E+009	 7.17818708123293E-006	 8.82714464777581E-006
 8.92999999999996E+009	 6.49722130702912E-006	 8.53140084976077E-006
 8.93999999999996E+009	 5.80248876087022E-006	 8.31691211685689E-006
 8.94999999999996E+009	 5.09944036460506E-006	 8.18583967191108E-006
 8.95999999999996E+009	 4.39384515763194E-006	 8.14015279883863E-006
 8.96999999999996E+009	 3.69180855869370E-006	 8.18159928809845E-006
 8.97999999999996E+009	 2.99979024143002E-006	 8.31167072847840E-006
 8.98999999999996E+009	 2.32462099854446E-006	 8.53156210449795E-006
 8.99999999999996E+009	 1.67351783196130E-006	 8.84212516887597E-006
 9.00999999999996E+009	 9.89128959033945E-007	 9.26511613210508E-006
 9.01999999999996E+009	 3.33924916336843E-007	 9.77140453442770E-006
 9.02999999999996E+009	-2.85603403044527E-007	 1.03613908783341E-005
 9.03999999999996E+009	-8.62611519033938E-007	 1.10350971869742E-005
 9.04999999999996E+009	-1.38990335384584E-006	 1.17921100257713E-005
 9.05999999999996E+009	-1.85993933073408E-006	 1.26315187498700E-005
 9.06999999999996E+009	-2.26485172873145E-006	 1.35518492782516E-005
 9.07999999999996E+009	-2.59646851035646E-006	 1.45509938838453E-005
 9.08999999999996E+009	-2.84634689578828E-006	 1.56261377078158E-005
 9.09999999999996E+009	-3.00581797874099E-006	 1.67736829660259E-005
 9.10999999999996E+009	-3.06604366478057E-006	 1.79891720899462E-005
 9.11999999999996E+009	-3.01808714452822E-006	 1.92672113644412E-005
 9.12999999999996E+009	-2.85299799809359E-006	 2.06013969553783E-005
 9.13999999999996E+009	-2.56191281963874E-006	 2.19842455592353E-005
 9.14999999999996E+009	-2.13617198943202E-006	 2.34071322572817E-005
 9.15999999999996E+009	-1.56745284884040E-006	 2.48602384838699E-005
 9.16999999999996E+009	-8.47919077309322E-007	 2.63325132999445E-005
 9.17999999999996E+009	 2.96144717734724E-008	 2.78116514116296E-005
 9.18999999999996E+009	 1.07150288158485E-006	 2.92840915050437E-005
 9.19999999999996E+009	 2.28308034050067E-006	 3.07350385197549E-005
 9.20999999999996E+009	 3.66846029038885E-006	 3.21485133678911E-005
 9.21999999999996E+009	 5.23033029515923E-006	 3.35074333553475E-005
 9.22999999999996E+009	 6.96974622525420E-006	 3.47937260928708E-005
 9.23999999999996E+009	 8.88593114946363E-006	 3.59884790512071E-005
 9.24999999999996E+009	 1.09760850656857E-005	 3.70721260268957E-005
 9.25999999999996E+009	 1.32352121893119E-005	 3.80246707521597E-005
 9.26999999999996E+009	 1.56559729329695E-005	 3.88259465969326E-005
 9.27999999999996E+009	 1.82285678783866E-005	 3.94559099402126E-005
 9.28999999999996E+009	 2.09406609213228E-005	 3.98949632531367E-005
 9.29999999999996E+009	 2.37773483282725E-005	 4.01243023920442E-005
 9.30999999999996E+009	 2.67211796460871E-005	 4.01262810909992E-005
 9.31999999999996E+009	 2.97522352605317E-005	 3.98847842046895E-005
 9.32999999999996E+009	 3.28482639068829E-005	 3.93856000838565E-005
 9.33999999999996E+009	 3.59848816446190E-005	 3.86167815070150E-005
 9.34999999999996E+009	 3.91358317725842E-005	 3.75689840619373E-005
 9.35999999999996E+009	 4.22733029641567E-005	 3.62357707212005E-005
 9.36999999999996E+009	 4.53683006397749E-005	 3.46138717202017E-005
 9.37999999999996E+009	 4.83910643735739E-005	 3.27033896527255E-005
 9.38999999999996E+009	 5.13115220897319E-005	 3.05079410564243E-005
 9.39999999999996E+009	 5.40997700024477E-005	 2.80347275012840E-005
 9.40999999999996E+009	 5.67265658653239E-005	 2.52945313580583E-005
 9.41999999999996E+009	 5.91638221689423E-005	 2.23016339053454E-005
 9.42999999999996E+009	 6.13850855033650E-005	 1.90736560270063E-005
 9.43999999999996E+009	 6.33659884882873E-005	 1.56313244832678E-005
 9.44999999999996E+009	 6.50846614174464E-005	 1.19981693696118E-005
 9.45999999999996E+009	 6.65220920317977E-005	 8.20016076639103E-006
 9.46999999999996E+009	 6.76624236718868E-005	 4.26529474400976E-006
 9.47999999999996E+009	 6.84931841688381E-005	 2.23140478076046E-007
 9.48999999999996E+009	 6.90054403992117E-005	-3.89563852207514E-006
 9.49999999999996E+009	 6.91938759928858E-005	-8.05977554175792E-006
 9.50999999999996E+009	 6.90567924320913E-005	-1.22378905482421E-005
 9.51999999999996E+009	 6.85960363021724E-005	-1.63989657928854E-005
 9.52999999999996E+009	 6.78168578653074E-005	-2.05127951348116E-005
 9.53999999999996E+009	 6.67277081027428E-005	-2.45503965904173E-005
 9.54999999999996E+009	 6.53399830322369E-005	-2.84843794353384E-005
 9.55999999999996E+009	 6.36677252532582E-005	-3.22892592696135E-005
 9.56999999999996E+009	 6.17272933331499E-005	-3.59417166120636E-005
 9.57999999999996E+009	 5.95370098318094E-005	-3.94207968051311E-005
 9.58999999999996E+009	 5.71167985605400E-005	-4.27080510550579E-005
 9.59999999999996E+009	 5.44878209280623E-005	-4.57876203275395E-005
 9.60999999999996E+009	 5.16721203705052E-005	-4.86462654586514E-005
 9.61999999999996E+009	 4.86922825683309E-005	-5.12733481150402E-005
 9.62999999999996E+009	 4.55711178446509E-005	-5.36607682542161E-005
 9.63999999999996E+009	 4.23313706993284E-005	-5.58028643581184E-005
 9.64999999999996E+009	 3.89954599995614E-005	-5.76962830571452E-005
 9.65999999999996E+009	 3.55852519835577E-005	-5.93398247881037E-005
 9.66999999999996E+009	 3.21218670042228E-005	-6.07342719279518E-005
 9.67999999999996E+009	 2.86255198470844E-005	-6.18822054580747E-005
 9.68999999999996E+009	 2.51153924965922E-005	-6.27878156140727E-005
 9.69999999999996E+009	 2.16095375628717E-005	-6.34567113734513E-005
 9.70999999999996E+009	 1.81248099587654E-005	-6.38957328811295E-005
 9.71999999999996E+009	 1.46768240775899E-005	-6.41127701960534E-005
 9.72999999999996E+009	 1.12799334824941E-005	-6.41165910269796E-005
 9.73999999999996E+009	 7.94723004547934E-006	-6.39166794607638E-005
 9.74999999999996E+009	 4.69055945639884E-006	-6.35230870187803E-005
 9.75999999999996E+009	 1.52055020642316E-006	-6.29462969158216E-005
 9.76999999999996E+009	-1.55334673586481E-006	-6.21971018252157E-005
 9.77999999999996E+009	-4.52281005958245E-006	-6.12864951487961E-005
 9.78999999999996E+009	-7.38059431825319E-006	-6.02255754128758E-005
 9.79999999999996E+009	-1.01204721936826E-005	-5.90254631865523E-005
 9.80999999999996E+009	-1.27371745141104E-005	-5.76972297558770E-005
 9.81999999999996E+009	-1.52263294612912E-005	-5.62518366314673E-005
 9.82999999999996E+009	-1.75844021405045E-005	-5.47000849029475E-005
 9.83999999999996E+009	-1.98086354434225E-005	-5.30525734558994E-005
 9.84999999999996E+009	-2.18969929340407E-005	-5.13196650097274E-005
 9.85999999999996E+009	-2.38481042805193E-005	-4.95114590032759E-005
 9.86999999999996E+009	-2.56612136013220E-005	-4.76377703942394E-005
 9.87999999999996E+009	-2.73361309511957E-005	-4.57081134914949E-005
 9.88999999999996E+009	-2.88731870478938E-005	-4.37316900181308E-005
 9.89999999999996E+009	-3.02731912565892E-005	-4.17173806857828E-005
 9.90999999999996E+009	-3.15373927561354E-005	-3.96737396158662E-005
 9.91999999999996E+009	-3.26674447716667E-005	-3.76089910584714E-005
 9.92999999999996E+009	-3.36653716958881E-005	-3.55310279122262E-005
 9.93999999999996E+009	-3.45335389056209E-005	-3.34474116139290E-005
 9.94999999999996E+009	-3.52746250560987E-005	-3.13653730732242E-005
 9.95999999999996E+009	-3.58915966245315E-005	-2.92918143429168E-005
 9.96999999999996E+009	-3.63876844802423E-005	-2.72333107989547E-005
 9.97999999999996E+009	-3.67663622605282E-005	-2.51961136607672E-005
 9.98999999999996E+009	-3.70313263357901E-005	-2.31861526893227E-005
 9.99999999999996E+009	-3.71864771847085E-005	-2.12090389965337E-005
