FREQ	S1:M4(0,0)	S2:M4(0,0)	Temp(U1,0)
 1.00000000000000E+007	 6.46493644859244E+000	 6.46493644859244E+000	 5.44629053703131E+001
 2.00000000000000E+007	 5.27101830058199E+000	 5.27101830058199E+000	 3.51632351948552E+001
 3.00000000000000E+007	 5.02809431925349E+000	 5.02809431925349E+000	 3.12848088952603E+001
 4.00000000000000E+007	 4.98678120122111E+000	 4.98678120122111E+000	 2.99094939659001E+001
 5.00000000000000E+007	 5.01768197679998E+000	 5.01768197679998E+000	 2.92695518835967E+001
 6.00000000000000E+007	 5.08519053003822E+000	 5.08519053003822E+000	 2.89174207773529E+001
 7.00000000000000E+007	 5.17624871855290E+000	 5.17624871855290E+000	 2.86994395960387E+001
 8.00000000000000E+007	 5.28498718039177E+000	 5.28498718039177E+000	 2.85525942720546E+001
 9.00000000000000E+007	 5.40828926236989E+000	 5.40828926236989E+000	 2.84480560125824E+001
 1.00000000000000E+008	 5.54424679152851E+000	 5.54424679152851E+000	 2.83716847342021E+001
 1.10000000000000E+008	 5.69356711867024E+000	 5.69356711867024E+000	 2.83161924812085E+001
 1.20000000000000E+008	 5.85210817188641E+000	 5.85210817188641E+000	 2.82777672400631E+001
 1.30000000000000E+008	 6.01916537743424E+000	 6.01916537743424E+000	 2.82542289359538E+001
 1.40000000000000E+008	 6.19430326460924E+000	 6.19430326460924E+000	 2.82442477102211E+001
 1.50000000000000E+008	 6.37846369531728E+000	 6.37846369531728E+000	 2.82474156912634E+001
 1.60000000000000E+008	 6.58601680334213E+000	 6.58601680334213E+000	 2.82669726222230E+001
 1.70000000000000E+008	 6.77250763656589E+000	 6.77250763656589E+000	 2.82835020383158E+001
 1.80000000000000E+008	 6.97351045777533E+000	 6.97351045777533E+000	 2.83132988530325E+001
 1.90000000000000E+008	 7.18190906873167E+000	 7.18190906873167E+000	 2.83511854629352E+001
 2.00000000000000E+008	 7.39540182072604E+000	 7.39540182072604E+000	 2.83949210347662E+001
 2.10000000000000E+008	 7.61682082796202E+000	 7.61682082796202E+000	 2.84429458582117E+001
 2.20000000000000E+008	 7.84195394276374E+000	 7.84195394276374E+000	 2.84942232127696E+001
 2.30000000000000E+008	 8.07041178676159E+000	 8.07041178676159E+000	 2.85478230631696E+001
 2.40000000000000E+008	 8.30184026778237E+000	 8.30184026778237E+000	 2.86030434995451E+001
 2.50000000000000E+008	 8.53590682275036E+000	 8.53590682275036E+000	 2.86593938932584E+001
 2.60000000000000E+008	 8.77524940939211E+000	 8.77524940939211E+000	 2.87164098498407E+001
 2.70000000000000E+008	 9.01648848052646E+000	 9.01648848052646E+000	 2.87740927963510E+001
 2.80000000000000E+008	 9.25934228516294E+000	 9.25934228516294E+000	 2.88324005993128E+001
 2.90000000000000E+008	 9.50353948112480E+000	 9.50353948112480E+000	 2.88913757286703E+001
 3.00000000000000E+008	 9.74881805605725E+000	 9.74881805605725E+000	 2.89511196476976E+001
 3.10000000000000E+008	 9.99737500285951E+000	 9.99737500285951E+000	 2.90115875226934E+001
 3.20000000000000E+008	 1.02464234870376E+001	 1.02464234870376E+001	 2.90731354423185E+001
 3.30000000000000E+008	 1.04957303458612E+001	 1.04957303458612E+001	 2.91359415918198E+001
 3.40000000000000E+008	 1.07450684462036E+001	 1.07450684462036E+001	 2.92001892588417E+001
 3.50000000000000E+008	 1.09942164055836E+001	 1.09942164055836E+001	 2.92660614997974E+001
 3.60000000000000E+008	 1.12449951980226E+001	 1.12449951980226E+001	 2.93335315445880E+001
 3.70000000000000E+008	 1.14950903690216E+001	 1.14950903690216E+001	 2.94029886115848E+001
 3.80000000000000E+008	 1.17442991623989E+001	 1.17442991623989E+001	 2.94745988409811E+001
 3.90000000000000E+008	 1.19924227912505E+001	 1.19924227912505E+001	 2.95485194075321E+001
 4.00000000000000E+008	 1.22392663787572E+001	 1.22392663787572E+001	 2.96248979288377E+001
 4.10000000000000E+008	 1.24863345734392E+001	 1.24863345734392E+001	 2.97036533071527E+001
 4.20000000000000E+008	 1.27316954772248E+001	 1.27316954772248E+001	 2.97851453964984E+001
 4.30000000000000E+008	 1.29751679067819E+001	 1.29751679067819E+001	 2.98694923112853E+001
 4.40000000000000E+008	 1.32165738971641E+001	 1.32165738971641E+001	 2.99568017473252E+001
 4.50000000000000E+008	 1.34557386904591E+001	 1.34557386904591E+001	 3.00471709820461E+001
 4.60000000000000E+008	 1.36939034161737E+001	 1.36939034161737E+001	 3.01404631585299E+001
 4.70000000000000E+008	 1.39294516355515E+001	 1.39294516355515E+001	 3.02369954572713E+001
 4.80000000000000E+008	 1.41622207323930E+001	 1.41622207323930E+001	 3.03368355958640E+001
 4.90000000000000E+008	 1.43920513635601E+001	 1.43920513635601E+001	 3.04400414212905E+001
 5.00000000000000E+008	 1.46187875437651E+001	 1.46187875437651E+001	 3.05466610823231E+001
 5.10000000000000E+008	 1.48434538883213E+001	 1.48434538883213E+001	 3.06565120235965E+001
 5.20000000000000E+008	 1.50646985392674E+001	 1.50646985392674E+001	 3.07698641060788E+001
 5.30000000000000E+008	 1.52823783109721E+001	 1.52823783109721E+001	 3.08867388727798E+001
 5.40000000000000E+008	 1.54963538353445E+001	 1.54963538353445E+001	 3.10071491951468E+001
 5.50000000000000E+008	 1.57064896980683E+001	 1.57064896980683E+001	 3.11310995006376E+001
 5.60000000000000E+008	 1.59136359990824E+001	 1.59136359990824E+001	 3.12583747069924E+001
 5.70000000000000E+008	 1.61166664557456E+001	 1.61166664557456E+001	 3.13891956358557E+001
 5.80000000000000E+008	 1.63154605504746E+001	 1.63154605504746E+001	 3.15235438012814E+001
 5.90000000000001E+008	 1.65099024600335E+001	 1.65099024600335E+001	 3.16613931917439E+001
 6.00000000000001E+008	 1.66998812314740E+001	 1.66998812314740E+001	 3.18027104297183E+001
 6.10000000000001E+008	 1.68861103832698E+001	 1.68861103832698E+001	 3.19472599342505E+001
 6.20000000000001E+008	 1.70676586473051E+001	 1.70676586473051E+001	 3.20952113443200E+001
 6.30000000000001E+008	 1.72444329246621E+001	 1.72444329246621E+001	 3.22465104075586E+001
 6.40000000000001E+008	 1.74163459125484E+001	 1.74163459125484E+001	 3.24010957075773E+001
 6.50000000000001E+008	 1.75833163051414E+001	 1.75833163051414E+001	 3.25588986153581E+001
 6.60000000000001E+008	 1.77459557422878E+001	 1.77459557422878E+001	 3.27196692348206E+001
 6.70000000000001E+008	 1.79035033425138E+001	 1.79035033425138E+001	 3.28835206099548E+001
 6.80000000000001E+008	 1.80558991414581E+001	 1.80558991414581E+001	 3.30503618688170E+001
 6.90000000000001E+008	 1.82030901410971E+001	 1.82030901410971E+001	 3.32200942444315E+001
 7.00000000000001E+008	 1.83450305869972E+001	 1.83450305869972E+001	 3.33926109213113E+001
 7.10000000000001E+008	 1.84822622565228E+001	 1.84822622565228E+001	 3.35676456062718E+001
 7.20000000000001E+008	 1.86141742507130E+001	 1.86141742507130E+001	 3.37452474178493E+001
 7.30000000000001E+008	 1.87407458238001E+001	 1.87407458238001E+001	 3.39252847157480E+001
 7.40000000000000E+008	 1.88619644615313E+001	 1.88619644615313E+001	 3.41076180758858E+001
 7.50000000000000E+008	 1.89778261001672E+001	 1.89778261001672E+001	 3.42921010226609E+001
 7.60000000000000E+008	 1.90888323404267E+001	 1.90888323404267E+001	 3.44784494146510E+001
 7.70000000000000E+008	 1.91945045944672E+001	 1.91945045944672E+001	 3.46666560410893E+001
 7.80000000000000E+008	 1.92948674420940E+001	 1.92948674420940E+001	 3.48565622731125E+001
 7.90000000000000E+008	 1.93899548496311E+001	 1.93899548496311E+001	 3.50480120184651E+001
 8.00000000000000E+008	 1.94798103826180E+001	 1.94798103826180E+001	 3.52408571248186E+001
 8.10000000000000E+008	 1.95649227895864E+001	 1.95649227895864E+001	 3.54348442099250E+001
 8.20000000000000E+008	 1.96449297794689E+001	 1.96449297794689E+001	 3.56299983508606E+001
 8.30000000000000E+008	 1.97199067486746E+001	 1.97199067486746E+001	 3.58262488169541E+001
 8.40000000000000E+008	 1.97899394598342E+001	 1.97899394598342E+001	 3.60235799820848E+001
 8.50000000000000E+008	 1.98551242125397E+001	 1.98551242125397E+001	 3.62220531597689E+001
 8.60000000000000E+008	 1.99159615164162E+001	 1.99159615164162E+001	 3.64217185722053E+001
 8.70000000000000E+008	 1.99721899225779E+001	 1.99721899225779E+001	 3.66230116797604E+001
 8.80000000000000E+008	 2.00239398577105E+001	 2.00239398577105E+001	 3.68264274013582E+001
 8.90000000000000E+008	 2.00713527348333E+001	 2.00713527348333E+001	 3.70327034470161E+001
 9.00000000000000E+008	 2.01145810196094E+001	 2.01145810196094E+001	 3.72428899217742E+001
 9.10000000000000E+008	 2.01541580809983E+001	 2.01541580809983E+001	 3.74583494960102E+001
 9.20000000000000E+008	 2.01899073831627E+001	 2.01899073831627E+001	 3.76811616999875E+001
 9.30000000000000E+008	 2.02220162952914E+001	 2.02220162952914E+001	 3.79139259171667E+001
 9.40000000000000E+008	 2.02506832002269E+001	 2.02506832002269E+001	 3.81600272940688E+001
 9.50000000000000E+008	 2.02761174331834E+001	 2.02761174331834E+001	 3.84238152893784E+001
 9.59999999999999E+008	 2.02989014861640E+001	 2.02989014861640E+001	 3.87109236221829E+001
 9.69999999999999E+008	 2.03189261541036E+001	 2.03189261541036E+001	 3.90283506989350E+001
 9.79999999999999E+008	 2.03364340936889E+001	 2.03364340936889E+001	 3.93847742529701E+001
 9.89999999999999E+008	 2.03516781292003E+001	 2.03516781292003E+001	 3.97908524124286E+001
 9.99999999999999E+008	 2.03649209982943E+001	 2.03649209982943E+001	 4.02595269059189E+001
 1.01000000000000E+009	 2.03768040885488E+001	 2.03768040885488E+001	 4.08072307300335E+001
 1.02000000000000E+009	 2.03872650631443E+001	 2.03872650631443E+001	 4.14520385985860E+001
 1.03000000000000E+009	 2.03965951780913E+001	 2.03965951780913E+001	 4.22156131709835E+001
 1.04000000000000E+009	 2.04050938717075E+001	 2.04050938717075E+001	 4.31228617487350E+001
 1.05000000000000E+009	 2.04130682437652E+001	 2.04130682437652E+001	 4.42019212860040E+001
 1.06000000000000E+009	 2.04212200345823E+001	 2.04212200345823E+001	 4.54871624607430E+001
 1.07000000000000E+009	 2.04295094992174E+001	 2.04295094992174E+001	 4.70105251573187E+001
 1.08000000000000E+009	 2.04382635689515E+001	 2.04382635689515E+001	 4.88078454041011E+001
 1.09000000000000E+009	 2.04478140613100E+001	 2.04478140613100E+001	 5.09157417189743E+001
 1.10000000000000E+009	 2.04584968946633E+001	 2.04584968946633E+001	 5.33702740547855E+001
