FREQ	Re[Vn(U1,0)]	Im[Vn(U1,0)]
 1.00000000000000E+007	 1.09265175126410E+003	 1.09265175126410E+003
 2.00000000000000E+007	 9.26704738242988E+002	 9.26704738242988E+002
 3.00000000000000E+007	 8.60804645073823E+002	 8.60804645073823E+002
 4.00000000000000E+007	 8.31864483954329E+002	 8.31864483954329E+002
 5.00000000000000E+007	 8.19658098257150E+002	 8.19658098257150E+002
 6.00000000000000E+007	 8.15930624685295E+002	 8.15930624685295E+002
 7.00000000000000E+007	 8.16741741092114E+002	 8.16741741092114E+002
 8.00000000000000E+007	 8.19949877525791E+002	 8.19949877525791E+002
 9.00000000000000E+007	 8.24250238239402E+002	 8.24250238239402E+002
 1.00000000000000E+008	 8.28778022059491E+002	 8.28778022059491E+002
 1.10000000000000E+008	 8.32934369118232E+002	 8.32934369118232E+002
 1.20000000000000E+008	 8.36314586736112E+002	 8.36314586736112E+002
 1.30000000000000E+008	 8.38654026495733E+002	 8.38654026495733E+002
 1.40000000000000E+008	 8.39783406164588E+002	 8.39783406164588E+002
 1.50000000000000E+008	 8.39342684981088E+002	 8.39342684981088E+002
 1.60000000000000E+008	 8.33937215318014E+002	 8.33937215318014E+002
 1.70000000000000E+008	 8.34286931588283E+002	 8.34286931588283E+002
 1.80000000000000E+008	 8.32149652006848E+002	 8.32149652006848E+002
 1.90000000000000E+008	 8.28584464507376E+002	 8.28584464507376E+002
 2.00000000000000E+008	 8.24313251993855E+002	 8.24313251993855E+002
 2.10000000000000E+008	 8.19632223482629E+002	 8.19632223482629E+002
 2.20000000000000E+008	 8.14737548518199E+002	 8.14737548518199E+002
 2.30000000000000E+008	 8.09790866428929E+002	 8.09790866428929E+002
 2.40000000000000E+008	 8.04926046848650E+002	 8.04926046848650E+002
 2.50000000000000E+008	 8.00252045993406E+002	 8.00252045993406E+002
 2.60000000000000E+008	 7.95870400150471E+002	 7.95870400150471E+002
 2.70000000000000E+008	 7.91835764651831E+002	 7.91835764651831E+002
 2.80000000000000E+008	 7.88193537978396E+002	 7.88193537978396E+002
 2.90000000000000E+008	 7.84972635689504E+002	 7.84972635689504E+002
 3.00000000000000E+008	 7.82187854196501E+002	 7.82187854196501E+002
 3.10000000000000E+008	 7.79862452404591E+002	 7.79862452404591E+002
 3.20000000000000E+008	 7.77973667116394E+002	 7.77973667116394E+002
 3.30000000000000E+008	 7.76506008595762E+002	 7.76506008595762E+002
 3.40000000000000E+008	 7.75437474252375E+002	 7.75437474252375E+002
 3.50000000000000E+008	 7.74740888868400E+002	 7.74740888868400E+002
 3.60000000000000E+008	 7.74408624979908E+002	 7.74408624979908E+002
 3.70000000000000E+008	 7.74386397456851E+002	 7.74386397456851E+002
 3.80000000000000E+008	 7.74637454351090E+002	 7.74637454351090E+002
 3.90000000000000E+008	 7.75123741805064E+002	 7.75123741805064E+002
 4.00000000000000E+008	 7.75806647465621E+002	 7.75806647465621E+002
 4.10000000000000E+008	 7.76672501703271E+002	 7.76672501703271E+002
 4.20000000000000E+008	 7.77661090274927E+002	 7.77661090274927E+002
 4.30000000000000E+008	 7.78735729023879E+002	 7.78735729023879E+002
 4.40000000000000E+008	 7.79861792155230E+002	 7.79861792155230E+002
 4.50000000000000E+008	 7.81007291130230E+002	 7.81007291130230E+002
 4.60000000000000E+008	 7.82167020655237E+002	 7.82167020655237E+002
 4.70000000000000E+008	 7.83293245883130E+002	 7.83293245883130E+002
 4.80000000000000E+008	 7.84364507798957E+002	 7.84364507798957E+002
 4.90000000000000E+008	 7.85363810682653E+002	 7.85363810682653E+002
 5.00000000000000E+008	 7.86278882135053E+002	 7.86278882135053E+002
 5.10000000000000E+008	 7.87122400946048E+002	 7.87122400946048E+002
 5.20000000000000E+008	 7.87871943081467E+002	 7.87871943081467E+002
 5.30000000000000E+008	 7.88529742648423E+002	 7.88529742648423E+002
 5.40000000000000E+008	 7.89102846477833E+002	 7.89102846477833E+002
 5.50000000000000E+008	 7.89602875578432E+002	 7.89602875578432E+002
 5.60000000000000E+008	 7.90060867910870E+002	 7.90060867910870E+002
 5.70000000000000E+008	 7.90481135549830E+002	 7.90481135549830E+002
 5.80000000000000E+008	 7.90886815492368E+002	 7.90886815492368E+002
 5.90000000000001E+008	 7.91304035812027E+002	 7.91304035812027E+002
 6.00000000000001E+008	 7.91761411735295E+002	 7.91761411735295E+002
 6.10000000000001E+008	 7.92300016129508E+002	 7.92300016129508E+002
 6.20000000000001E+008	 7.92941496226062E+002	 7.92941496226062E+002
 6.30000000000001E+008	 7.93719077731263E+002	 7.93719077731263E+002
 6.40000000000001E+008	 7.94666568194365E+002	 7.94666568194365E+002
 6.50000000000001E+008	 7.95817932715403E+002	 7.95817932715403E+002
 6.60000000000001E+008	 7.97214362627216E+002	 7.97214362627216E+002
 6.70000000000001E+008	 7.98882353372865E+002	 7.98882353372865E+002
 6.80000000000001E+008	 8.00854362577129E+002	 8.00854362577129E+002
 6.90000000000001E+008	 8.03161632722242E+002	 8.03161632722242E+002
 7.00000000000001E+008	 8.05833894965184E+002	 8.05833894965184E+002
 7.10000000000001E+008	 8.08906021149189E+002	 8.08906021149189E+002
 7.20000000000001E+008	 8.12398623385933E+002	 8.12398623385933E+002
 7.30000000000001E+008	 8.16335338580796E+002	 8.16335338580796E+002
 7.40000000000000E+008	 8.20737029760192E+002	 8.20737029760192E+002
 7.50000000000000E+008	 8.25621397647938E+002	 8.25621397647938E+002
 7.60000000000000E+008	 8.31011591063229E+002	 8.31011591063229E+002
 7.70000000000000E+008	 8.36911078032709E+002	 8.36911078032709E+002
 7.80000000000000E+008	 8.43325341043008E+002	 8.43325341043008E+002
 7.90000000000000E+008	 8.50254555626994E+002	 8.50254555626994E+002
 8.00000000000000E+008	 8.57692915178516E+002	 8.57692915178516E+002
 8.10000000000000E+008	 8.65640962223902E+002	 8.65640962223902E+002
 8.20000000000000E+008	 8.74068473891123E+002	 8.74068473891123E+002
 8.30000000000000E+008	 8.82947276720710E+002	 8.82947276720710E+002
 8.40000000000000E+008	 8.92240366447315E+002	 8.92240366447315E+002
 8.50000000000000E+008	 9.01901423068833E+002	 9.01901423068833E+002
 8.60000000000000E+008	 9.11891520958100E+002	 9.11891520958100E+002
 8.70000000000000E+008	 9.22130156563484E+002	 9.22130156563484E+002
 8.80000000000000E+008	 9.32542323877214E+002	 9.32542323877214E+002
 8.90000000000000E+008	 9.43044771465717E+002	 9.43044771465717E+002
 9.00000000000000E+008	 9.53547430276903E+002	 9.53547430276903E+002
 9.10000000000000E+008	 9.63972906044959E+002	 9.63972906044959E+002
 9.20000000000000E+008	 9.74205732537072E+002	 9.74205732537072E+002
 9.30000000000000E+008	 9.84147157326571E+002	 9.84147157326571E+002
 9.40000000000000E+008	 9.93700054115642E+002	 9.93700054115642E+002
 9.50000000000000E+008	 1.00277001456314E+003	 1.00277001456314E+003
 9.59999999999999E+008	 1.01127743082064E+003	 1.01127743082064E+003
 9.69999999999999E+008	 1.01911434143497E+003	 1.01911434143497E+003
 9.79999999999999E+008	 1.02618028810352E+003	 1.02618028810352E+003
 9.89999999999999E+008	 1.03235808604377E+003	 1.03235808604377E+003
 9.99999999999999E+008	 1.03750040330442E+003	 1.03750040330442E+003
 1.01000000000000E+009	 1.04141439084866E+003	 1.04141439084866E+003
 1.02000000000000E+009	 1.04383669514142E+003	 1.04383669514142E+003
 1.03000000000000E+009	 1.04443539566375E+003	 1.04443539566375E+003
 1.04000000000000E+009	 1.04280436412287E+003	 1.04280436412287E+003
 1.05000000000000E+009	 1.03848274069944E+003	 1.03848274069944E+003
 1.06000000000000E+009	 1.03096280034786E+003	 1.03096280034786E+003
 1.07000000000000E+009	 1.01985047222287E+003	 1.01985047222287E+003
 1.08000000000000E+009	 1.00488821923306E+003	 1.00488821923306E+003
 1.09000000000000E+009	 9.86060536876124E+002	 9.86060536876124E+002
 1.10000000000000E+009	 9.63647648476463E+002	 9.63647648476463E+002
 1.11000000000000E+009	 9.38110219001134E+002	 9.38110219001134E+002
 1.12000000000000E+009	 9.10338111390557E+002	 9.10338111390557E+002
 1.13000000000000E+009	 8.81255357250889E+002	 8.81255357250889E+002
 1.14000000000000E+009	 8.51782277538450E+002	 8.51782277538450E+002
 1.15000000000000E+009	 8.22734027653183E+002	 8.22734027653183E+002
 1.16000000000000E+009	 7.94615156708203E+002	 7.94615156708203E+002
 1.17000000000000E+009	 7.68033086636938E+002	 7.68033086636938E+002
 1.18000000000000E+009	 7.43272353048348E+002	 7.43272353048348E+002
 1.19000000000000E+009	 7.20465119849890E+002	 7.20465119849890E+002
 1.20000000000000E+009	 6.99625811139214E+002	 6.99625811139214E+002
 1.21000000000000E+009	 6.80552510632009E+002	 6.80552510632009E+002
 1.22000000000000E+009	 6.63259564990697E+002	 6.63259564990697E+002
 1.23000000000000E+009	 6.47583645574680E+002	 6.47583645574680E+002
 1.24000000000000E+009	 6.33340727766028E+002	 6.33340727766028E+002
 1.25000000000000E+009	 6.20336650976845E+002	 6.20336650976845E+002
 1.26000000000000E+009	 6.08257596124234E+002	 6.08257596124234E+002
 1.27000000000000E+009	 5.97032272527535E+002	 5.97032272527535E+002
 1.28000000000000E+009	 5.86469565294488E+002	 5.86469565294488E+002
 1.29000000000000E+009	 5.76386597406358E+002	 5.76386597406358E+002
 1.30000000000000E+009	 5.66611685139753E+002	 5.66611685139753E+002
 1.31000000000000E+009	 5.56883187577832E+002	 5.56883187577832E+002
 1.32000000000000E+009	 5.47173275369126E+002	 5.47173275369126E+002
 1.33000000000000E+009	 5.37363838830999E+002	 5.37363838830999E+002
 1.34000000000000E+009	 5.27361415784734E+002	 5.27361415784734E+002
 1.35000000000000E+009	 5.17099688389241E+002	 5.17099688389241E+002
 1.36000000000000E+009	 5.06450090603153E+002	 5.06450090603153E+002
 1.37000000000000E+009	 4.95502255554381E+002	 4.95502255554381E+002
 1.38000000000000E+009	 4.84273518948383E+002	 4.84273518948383E+002
 1.39000000000000E+009	 4.72804466733173E+002	 4.72804466733173E+002
 1.40000000000000E+009	 4.61154339452800E+002	 4.61154339452800E+002
 1.41000000000000E+009	 4.49321270515255E+002	 4.49321270515255E+002
 1.42000000000000E+009	 4.37468124910516E+002	 4.37468124910516E+002
 1.43000000000000E+009	 4.25676851108652E+002	 4.25676851108652E+002
 1.44000000000000E+009	 4.14026865171640E+002	 4.14026865171640E+002
 1.45000000000000E+009	 4.02591369675279E+002	 4.02591369675279E+002
 1.46000000000000E+009	 3.91376349436079E+002	 3.91376349436079E+002
 1.47000000000000E+009	 3.80501210210104E+002	 3.80501210210104E+002
 1.48000000000000E+009	 3.70008353131178E+002	 3.70008353131178E+002
 1.49000000000000E+009	 3.59929343568083E+002	 3.59929343568083E+002
 1.50000000000000E+009	 3.50285594390375E+002	 3.50285594390375E+002
 1.51000000000000E+009	 3.41043647896678E+002	 3.41043647896678E+002
 1.52000000000000E+009	 3.32258770014548E+002	 3.32258770014548E+002
 1.53000000000000E+009	 3.23928092617205E+002	 3.23928092617205E+002
 1.54000000000000E+009	 3.16043366961047E+002	 3.16043366961047E+002
 1.55000000000000E+009	 3.08592092063548E+002	 3.08592092063548E+002
 1.56000000000000E+009	 3.01521805254480E+002	 3.01521805254480E+002
 1.57000000000000E+009	 2.94854735244517E+002	 2.94854735244517E+002
 1.58000000000000E+009	 2.88570600079561E+002	 2.88570600079561E+002
 1.59000000000000E+009	 2.82648024626480E+002	 2.82648024626480E+002
 1.60000000000000E+009	 2.77064973396119E+002	 2.77064973396119E+002
 1.61000000000000E+009	 2.71768641508145E+002	 2.71768641508145E+002
 1.62000000000000E+009	 2.66769636216151E+002	 2.66769636216151E+002
 1.63000000000000E+009	 2.62045211468170E+002	 2.62045211468170E+002
 1.64000000000000E+009	 2.57572754507290E+002	 2.57572754507290E+002
 1.65000000000000E+009	 2.53329800425867E+002	 2.53329800425867E+002
 1.66000000000000E+009	 2.49267963255979E+002	 2.49267963255979E+002
 1.67000000000000E+009	 2.45392963564045E+002	 2.45392963564045E+002
 1.68000000000000E+009	 2.41682271962903E+002	 2.41682271962903E+002
 1.69000000000000E+009	 2.38113236142416E+002	 2.38113236142416E+002
 1.70000000000000E+009	 2.34662966402878E+002	 2.34662966402878E+002
 1.71000000000000E+009	 2.31285283983354E+002	 2.31285283983354E+002
 1.72000000000000E+009	 2.27980931890067E+002	 2.27980931890067E+002
 1.73000000000000E+009	 2.24725577672675E+002	 2.24725577672675E+002
 1.74000000000000E+009	 2.21494379880559E+002	 2.21494379880559E+002
 1.75000000000000E+009	 2.18262034287666E+002	 2.18262034287666E+002
 1.76000000000000E+009	 2.14982093436134E+002	 2.14982093436134E+002
 1.77000000000000E+009	 2.11650727405707E+002	 2.11650727405707E+002
 1.78000000000000E+009	 2.08242348333431E+002	 2.08242348333431E+002
 1.79000000000000E+009	 2.04732141189248E+002	 2.04732141189248E+002
 1.80000000000000E+009	 2.01096709247444E+002	 2.01096709247444E+002
 1.81000000000000E+009	 1.97295437736002E+002	 1.97295437736002E+002
 1.82000000000000E+009	 1.93330508865534E+002	 1.93330508865534E+002
 1.83000000000000E+009	 1.89187889597003E+002	 1.89187889597003E+002
 1.84000000000000E+009	 1.84858664530137E+002	 1.84858664530137E+002
 1.85000000000000E+009	 1.80339959398934E+002	 1.80339959398934E+002
 1.86000000000000E+009	 1.75617357250159E+002	 1.75617357250159E+002
 1.87000000000000E+009	 1.70721247083622E+002	 1.70721247083622E+002
 1.88000000000000E+009	 1.65670235527436E+002	 1.65670235527436E+002
 1.88999999999999E+009	 1.60489993580966E+002	 1.60489993580966E+002
 1.89999999999999E+009	 1.55212479018692E+002	 1.55212479018692E+002
 1.90999999999999E+009	 1.49858074601798E+002	 1.49858074601798E+002
 1.91999999999999E+009	 1.44485352169071E+002	 1.44485352169071E+002
 1.92999999999999E+009	 1.39136915716919E+002	 1.39136915716919E+002
 1.93999999999999E+009	 1.33855436364166E+002	 1.33855436364166E+002
 1.94999999999999E+009	 1.28681953240354E+002	 1.28681953240354E+002
 1.95999999999999E+009	 1.23640539913252E+002	 1.23640539913252E+002
 1.96999999999999E+009	 1.18780279057471E+002	 1.18780279057471E+002
 1.97999999999999E+009	 1.14129661467749E+002	 1.14129661467749E+002
 1.98999999999999E+009	 1.09711520053386E+002	 1.09711520053386E+002
 1.99999999999999E+009	 1.05542878210598E+002	 1.05542878210598E+002
 2.00999999999999E+009	 1.01624743183905E+002	 1.01624743183905E+002
 2.01999999999999E+009	 9.79750505747416E+001	 9.79750505747416E+001
 2.02999999999999E+009	 9.45949013799834E+001	 9.45949013799834E+001
 2.03999999999999E+009	 9.14811766413745E+001	 9.14811766413745E+001
 2.04999999999999E+009	 8.86272059826591E+001	 8.86272059826591E+001
 2.05999999999999E+009	 8.60163370111158E+001	 8.60163370111158E+001
 2.06999999999999E+009	 8.36451442553957E+001	 8.36451442553957E+001
 2.07999999999999E+009	 8.15001071040051E+001	 8.15001071040051E+001
 2.08999999999999E+009	 7.95666445825836E+001	 7.95666445825836E+001
 2.09999999999999E+009	 7.78295974928926E+001	 7.78295974928926E+001
 2.10999999999999E+009	 7.62689149009211E+001	 7.62689149009211E+001
 2.11999999999999E+009	 7.48749721367603E+001	 7.48749721367603E+001
 2.12999999999999E+009	 7.36329105628369E+001	 7.36329105628369E+001
 2.13999999999999E+009	 7.25285130633212E+001	 7.25285130633212E+001
 2.14999999999999E+009	 7.15483471353504E+001	 7.15483471353504E+001
 2.15999999999999E+009	 7.06766509958151E+001	 7.06766509958151E+001
 2.16999999999999E+009	 6.99054973369500E+001	 6.99054973369500E+001
 2.17999999999999E+009	 6.92241233774157E+001	 6.92241233774157E+001
 2.18999999999999E+009	 6.86227147989602E+001	 6.86227147989602E+001
 2.19999999999999E+009	 6.80923757185747E+001	 6.80923757185747E+001
 2.20999999999999E+009	 6.76227508253691E+001	 6.76227508253691E+001
 2.21999999999999E+009	 6.72092547580345E+001	 6.72092547580345E+001
 2.22999999999999E+009	 6.68453984563256E+001	 6.68453984563256E+001
 2.23999999999999E+009	 6.65254001227623E+001	 6.65254001227623E+001
 2.24999999999999E+009	 6.62441223996174E+001	 6.62441223996174E+001
 2.25999999999999E+009	 6.59951549826193E+001	 6.59951549826193E+001
 2.26999999999999E+009	 6.57764869970382E+001	 6.57764869970382E+001
 2.27999999999999E+009	 6.55845322507952E+001	 6.55845322507952E+001
 2.28999999999999E+009	 6.54161284932201E+001	 6.54161284932201E+001
 2.29999999999999E+009	 6.52684902303322E+001	 6.52684902303322E+001
 2.30999999999999E+009	 6.51375641147568E+001	 6.51375641147568E+001
 2.31999999999999E+009	 6.50228920841674E+001	 6.50228920841674E+001
 2.32999999999999E+009	 6.49225634587528E+001	 6.49225634587528E+001
 2.33999999999999E+009	 6.48348995423903E+001	 6.48348995423903E+001
 2.34999999999999E+009	 6.47584256808891E+001	 6.47584256808891E+001
 2.35999999999999E+009	 6.46903789385995E+001	 6.46903789385995E+001
 2.36999999999999E+009	 6.46311505250821E+001	 6.46311505250821E+001
 2.37999999999999E+009	 6.45797325141700E+001	 6.45797325141700E+001
 2.38999999999999E+009	 6.45352394570111E+001	 6.45352394570111E+001
 2.39999999999999E+009	 6.44968932614711E+001	 6.44968932614711E+001
 2.40999999999999E+009	 6.44626123993673E+001	 6.44626123993673E+001
 2.41999999999999E+009	 6.44332357032142E+001	 6.44332357032142E+001
 2.42999999999999E+009	 6.44082293307400E+001	 6.44082293307400E+001
 2.43999999999999E+009	 6.43871235072191E+001	 6.43871235072191E+001
 2.44999999999999E+009	 6.43695046143936E+001	 6.43695046143936E+001
 2.45999999999999E+009	 6.43536463918924E+001	 6.43536463918924E+001
 2.46999999999999E+009	 6.43406221615894E+001	 6.43406221615894E+001
 2.47999999999999E+009	 6.43301458820743E+001	 6.43301458820743E+001
 2.48999999999999E+009	 6.43219651582369E+001	 6.43219651582369E+001
 2.49999999999999E+009	 6.43158571340591E+001	 6.43158571340591E+001
 2.50999999999999E+009	 6.43102798545612E+001	 6.43102798545612E+001
 2.51999999999999E+009	 6.43064312085262E+001	 6.43064312085262E+001
 2.52999999999999E+009	 6.43041553975026E+001	 6.43041553975026E+001
 2.53999999999999E+009	 6.43033144860845E+001	 6.43033144860845E+001
 2.54999999999999E+009	 6.43037862645530E+001	 6.43037862645530E+001
 2.55999999999999E+009	 6.43041234835484E+001	 6.43041234835484E+001
 2.56999999999999E+009	 6.43055925143976E+001	 6.43055925143976E+001
 2.57999999999999E+009	 6.43081067551529E+001	 6.43081067551529E+001
 2.58999999999999E+009	 6.43115892411216E+001	 6.43115892411216E+001
 2.59999999999999E+009	 6.43159715217042E+001	 6.43159715217042E+001
 2.60999999999999E+009	 6.43198535410970E+001	 6.43198535410970E+001
 2.61999999999999E+009	 6.43245417573978E+001	 6.43245417573978E+001
 2.62999999999999E+009	 6.43299868714851E+001	 6.43299868714851E+001
 2.63999999999999E+009	 6.43361448986454E+001	 6.43361448986454E+001
 2.64999999999999E+009	 6.43429765738022E+001	 6.43429765738022E+001
 2.65999999999999E+009	 6.43491033017295E+001	 6.43491033017295E+001
 2.66999999999999E+009	 6.43558574993605E+001	 6.43558574993605E+001
 2.67999999999999E+009	 6.43632103680842E+001	 6.43632103680842E+001
 2.68999999999999E+009	 6.43711361328954E+001	 6.43711361328954E+001
 2.69999999999999E+009	 6.43796117233460E+001	 6.43796117233460E+001
 2.70999999999999E+009	 6.43872656087435E+001	 6.43872656087435E+001
 2.71999999999999E+009	 6.43954494537180E+001	 6.43954494537180E+001
 2.72999999999999E+009	 6.44041460333472E+001	 6.44041460333472E+001
 2.73999999999999E+009	 6.44133399221165E+001	 6.44133399221165E+001
 2.74999999999999E+009	 6.44230173208826E+001	 6.44230173208826E+001
 2.75999999999999E+009	 6.44318053005261E+001	 6.44318053005261E+001
 2.76999999999999E+009	 6.44410719712316E+001	 6.44410719712316E+001
 2.77999999999999E+009	 6.44508069021273E+001	 6.44508069021273E+001
 2.78999999999999E+009	 6.44610008036040E+001	 6.44610008036040E+001
 2.79999999999999E+009	 6.44716454321738E+001	 6.44716454321738E+001
 2.80999999999999E+009	 6.44813611088272E+001	 6.44813611088272E+001
 2.81999999999999E+009	 6.44915316894368E+001	 6.44915316894368E+001
 2.82999999999999E+009	 6.45021509642326E+001	 6.45021509642326E+001
 2.83999999999999E+009	 6.45132135088451E+001	 6.45132135088451E+001
 2.84999999999999E+009	 6.45247146323666E+001	 6.45247146323666E+001
 2.85999999999999E+009	 6.45352641747288E+001	 6.45352641747288E+001
 2.86999999999999E+009	 6.45462622081246E+001	 6.45462622081246E+001
 2.87999999999999E+009	 6.45577053553488E+001	 6.45577053553488E+001
 2.88999999999999E+009	 6.45695908338035E+001	 6.45695908338035E+001
 2.89999999999999E+009	 6.45819164274749E+001	 6.45819164274749E+001
 2.90999999999999E+009	 6.45932785818507E+001	 6.45932785818507E+001
 2.91999999999999E+009	 6.46050947442080E+001	 6.46050947442080E+001
 2.92999999999999E+009	 6.46173636252853E+001	 6.46173636252853E+001
 2.93999999999999E+009	 6.46300844304719E+001	 6.46300844304719E+001
 2.94999999999999E+009	 6.46432568431778E+001	 6.46432568431778E+001
 2.95999999999999E+009	 6.46554613764935E+001	 6.46554613764935E+001
 2.96999999999999E+009	 6.46681344530921E+001	 6.46681344530921E+001
 2.97999999999999E+009	 6.46812764771053E+001	 6.46812764771053E+001
 2.98999999999999E+009	 6.46948882959383E+001	 6.46948882959383E+001
 2.99999999999999E+009	 6.47089711893379E+001	 6.47089711893379E+001
 3.00999999999999E+009	 6.47671595592567E+001	 6.47671595592567E+001
 3.01999999999999E+009	 6.48260002687597E+001	 6.48260002687597E+001
 3.02999999999999E+009	 6.48855054925076E+001	 6.48855054925076E+001
 3.03999999999999E+009	 6.49456878969569E+001	 6.49456878969569E+001
 3.04999999999999E+009	 6.50065606367751E+001	 6.50065606367751E+001
 3.05999999999999E+009	 6.50681373498336E+001	 6.50681373498336E+001
 3.06999999999999E+009	 6.51304321518032E+001	 6.51304321518032E+001
 3.07999999999999E+009	 6.51934596317723E+001	 6.51934596317723E+001
 3.08999999999999E+009	 6.52572348450160E+001	 6.52572348450160E+001
 3.09999999999999E+009	 6.53217733058784E+001	 6.53217733058784E+001
 3.10999999999999E+009	 6.53870909799282E+001	 6.53870909799282E+001
 3.11999999999999E+009	 6.54532042736513E+001	 6.54532042736513E+001
 3.12999999999999E+009	 6.55201300239540E+001	 6.55201300239540E+001
 3.13999999999999E+009	 6.55878854845801E+001	 6.55878854845801E+001
 3.14999999999999E+009	 6.56564883119224E+001	 6.56564883119224E+001
 3.15999999999999E+009	 6.57259565473075E+001	 6.57259565473075E+001
 3.16999999999999E+009	 6.57963085976322E+001	 6.57963085976322E+001
 3.17999999999999E+009	 6.58675632125897E+001	 6.58675632125897E+001
 3.18999999999999E+009	 6.59397394602992E+001	 6.59397394602992E+001
 3.19999999999999E+009	 6.60128566972130E+001	 6.60128566972130E+001
 3.20999999999999E+009	 6.60869345364745E+001	 6.60869345364745E+001
 3.21999999999999E+009	 6.61619928117561E+001	 6.61619928117561E+001
 3.22999999999999E+009	 6.62380515356758E+001	 6.62380515356758E+001
 3.23999999999999E+009	 6.63151308545504E+001	 6.63151308545504E+001
 3.24999999999999E+009	 6.63932509982365E+001	 6.63932509982365E+001
 3.25999999999999E+009	 6.64724322233874E+001	 6.64724322233874E+001
 3.26999999999999E+009	 6.65526947518171E+001	 6.65526947518171E+001
 3.27999999999999E+009	 6.66340587015823E+001	 6.66340587015823E+001
 3.28999999999999E+009	 6.67165440122680E+001	 6.67165440122680E+001
 3.29999999999999E+009	 6.68001703616980E+001	 6.68001703616980E+001
 3.30999999999999E+009	 6.68849570759906E+001	 6.68849570759906E+001
 3.31999999999999E+009	 6.69709230316700E+001	 6.69709230316700E+001
 3.32999999999999E+009	 6.70580865473133E+001	 6.70580865473133E+001
 3.33999999999999E+009	 6.71464652680297E+001	 6.71464652680297E+001
 3.34999999999999E+009	 6.72360760394156E+001	 6.72360760394156E+001
 3.35999999999999E+009	 6.73269347717813E+001	 6.73269347717813E+001
 3.36999999999999E+009	 6.74190562933023E+001	 6.74190562933023E+001
 3.37999999999999E+009	 6.75124541945478E+001	 6.75124541945478E+001
 3.38999999999999E+009	 6.76071406585175E+001	 6.76071406585175E+001
 3.39999999999999E+009	 6.77031262833050E+001	 6.77031262833050E+001
 3.40999999999999E+009	 6.78004198906059E+001	 6.78004198906059E+001
 3.41999999999999E+009	 6.78990283235768E+001	 6.78990283235768E+001
 3.42999999999999E+009	 6.79989562349062E+001	 6.79989562349062E+001
 3.43999999999999E+009	 6.81002058603643E+001	 6.81002058603643E+001
 3.44999999999999E+009	 6.82027767872811E+001	 6.82027767872811E+001
 3.45999999999999E+009	 6.83066657061684E+001	 6.83066657061684E+001
 3.46999999999999E+009	 6.84118661594007E+001	 6.84118661594007E+001
 3.47999999999999E+009	 6.85183682783686E+001	 6.85183682783686E+001
 3.48999999999999E+009	 6.86261585154444E+001	 6.86261585154444E+001
 3.49999999999999E+009	 6.87352193711346E+001	 6.87352193711346E+001
 3.50999999999999E+009	 6.88455291190160E+001	 6.88455291190160E+001
 3.51999999999999E+009	 6.89570615302870E+001	 6.89570615302870E+001
 3.52999999999999E+009	 6.90697856026772E+001	 6.90697856026772E+001
 3.53999999999999E+009	 6.91836652965755E+001	 6.91836652965755E+001
 3.54999999999999E+009	 6.92986592819161E+001	 6.92986592819161E+001
 3.55999999999999E+009	 6.94147207029055E+001	 6.94147207029055E+001
 3.56999999999999E+009	 6.95317969649000E+001	 6.95317969649000E+001
 3.57999999999999E+009	 6.96498295499014E+001	 6.96498295499014E+001
 3.58999999999999E+009	 6.97687538716748E+001	 6.97687538716748E+001
 3.59999999999999E+009	 6.98884991727592E+001	 6.98884991727592E+001
 3.60999999999999E+009	 7.00089884801709E+001	 7.00089884801709E+001
 3.61999999999999E+009	 7.01301386253227E+001	 7.01301386253227E+001
 3.62999999999999E+009	 7.02518603440631E+001	 7.02518603440631E+001
 3.63999999999999E+009	 7.03740584699913E+001	 7.03740584699913E+001
 3.64999999999999E+009	 7.04966322342227E+001	 7.04966322342227E+001
 3.65999999999999E+009	 7.06194756928367E+001	 7.06194756928367E+001
 3.66999999999999E+009	 7.07424783009851E+001	 7.07424783009851E+001
 3.67999999999999E+009	 7.08655256526581E+001	 7.08655256526581E+001
 3.68999999999999E+009	 7.09885004178208E+001	 7.09885004178208E+001
 3.69999999999999E+009	 7.11112835019372E+001	 7.11112835019372E+001
 3.70999999999999E+009	 7.12337554630536E+001	 7.12337554630536E+001
 3.71999999999999E+009	 7.13557982283603E+001	 7.13557982283603E+001
 3.72999999999999E+009	 7.14772971539259E+001	 7.14772971539259E+001
 3.73999999999999E+009	 7.15981434880026E+001	 7.15981434880026E+001
 3.74999999999999E+009	 7.17182373042858E+001	 7.17182373042858E+001
 3.75999999999999E+009	 7.18374909870704E+001	 7.18374909870704E+001
 3.76999999999999E+009	 7.19558333777946E+001	 7.19558333777946E+001
 3.77999999999999E+009	 7.20732147030960E+001	 7.20732147030960E+001
 3.78999999999999E+009	 7.21896124582717E+001	 7.21896124582717E+001
 3.79999999999999E+009	 7.23050384436396E+001	 7.23050384436396E+001
 3.80999999999999E+009	 7.24195472272628E+001	 7.24195472272628E+001
 3.81999999999999E+009	 7.25332463688252E+001	 7.25332463688252E+001
 3.82999999999999E+009	 7.26463088538373E+001	 7.26463088538373E+001
 3.83999999999999E+009	 7.27589883032792E+001	 7.27589883032792E+001
 3.84999999999999E+009	 7.28716377077846E+001	 7.28716377077846E+001
 3.85999999999999E+009	 7.29847326438399E+001	 7.29847326438399E+001
 3.86999999999999E+009	 7.30989002191035E+001	 7.30989002191035E+001
 3.87999999999999E+009	 7.32149553289584E+001	 7.32149553289584E+001
 3.88999999999999E+009	 7.33339462222716E+001	 7.33339462222716E+001
 3.89999999999999E+009	 7.34572118093396E+001	 7.34572118093396E+001
 3.90999999999999E+009	 7.35864535165417E+001	 7.35864535165417E+001
 3.91999999999999E+009	 7.37238245743057E+001	 7.37238245743057E+001
 3.92999999999999E+009	 7.38720388813339E+001	 7.38720388813339E+001
 3.93999999999999E+009	 7.40344989447692E+001	 7.40344989447692E+001
 3.94999999999999E+009	 7.42154355925856E+001	 7.42154355925856E+001
 3.95999999999999E+009	 7.44200367756072E+001	 7.44200367756072E+001
 3.96999999999998E+009	 7.46545105166960E+001	 7.46545105166960E+001
 3.97999999999998E+009	 7.49259633777562E+001	 7.49259633777562E+001
 3.98999999999998E+009	 7.52418590303902E+001	 7.52418590303902E+001
 3.99999999999998E+009	 7.56086307928782E+001	 7.56086307928782E+001
 4.00999999999998E+009	 7.59347958460886E+001	 7.59347958460886E+001
 4.01999999999998E+009	 7.63102228777192E+001	 7.63102228777192E+001
 4.02999999999998E+009	 7.67112279312187E+001	 7.67112279312187E+001
 4.03999999999998E+009	 7.70892967170359E+001	 7.70892967170359E+001
 4.04999999999998E+009	 7.73703478076233E+001	 7.73703478076233E+001
 4.05999999999998E+009	 7.74713271305253E+001	 7.74713271305253E+001
 4.06999999999998E+009	 7.73351319730729E+001	 7.73351319730729E+001
 4.07999999999998E+009	 7.69625772883498E+001	 7.69625772883498E+001
 4.08999999999998E+009	 7.64126282869609E+001	 7.64126282869609E+001
 4.09999999999998E+009	 7.57703694625560E+001	 7.57703694625560E+001
 4.10999999999998E+009	 7.51113891536297E+001	 7.51113891536297E+001
 4.11999999999998E+009	 7.44847347918069E+001	 7.44847347918069E+001
 4.12999999999998E+009	 7.39137921245890E+001	 7.39137921245890E+001
 4.13999999999998E+009	 7.34045481402921E+001	 7.34045481402921E+001
 4.14999999999998E+009	 7.29536796002134E+001	 7.29536796002134E+001
 4.15999999999998E+009	 7.25539992402993E+001	 7.25539992402993E+001
 4.16999999999998E+009	 7.21974499477067E+001	 7.21974499477067E+001
 4.17999999999998E+009	 7.18764970735269E+001	 7.18764970735269E+001
 4.18999999999998E+009	 7.15846402701966E+001	 7.15846402701966E+001
 4.19999999999998E+009	 7.13164981107617E+001	 7.13164981107617E+001
 4.20999999999998E+009	 7.10677120968797E+001	 7.10677120968797E+001
 4.21999999999998E+009	 7.08347918715232E+001	 7.08347918715232E+001
 4.22999999999998E+009	 7.06149564369708E+001	 7.06149564369708E+001
 4.23999999999998E+009	 7.04059928334884E+001	 7.04059928334884E+001
 4.24999999999998E+009	 7.02061382363248E+001	 7.02061382363248E+001
 4.25999999999998E+009	 7.00139848172513E+001	 7.00139848172513E+001
 4.26999999999998E+009	 6.98284043316964E+001	 6.98284043316964E+001
 4.27999999999998E+009	 6.96484888858469E+001	 6.96484888858469E+001
 4.28999999999998E+009	 6.94735046007713E+001	 6.94735046007713E+001
 4.29999999999998E+009	 6.93028553971891E+001	 6.93028553971891E+001
 4.30999999999998E+009	 6.91360546610774E+001	 6.91360546610774E+001
 4.31999999999998E+009	 6.89727030227505E+001	 6.89727030227505E+001
 4.32999999999998E+009	 6.88124708804943E+001	 6.88124708804943E+001
 4.33999999999998E+009	 6.86550846066315E+001	 6.86550846066315E+001
 4.34999999999998E+009	 6.85003156240412E+001	 6.85003156240412E+001
 4.35999999999998E+009	 6.83479717225182E+001	 6.83479717225182E+001
 4.36999999999998E+009	 6.81978901346701E+001	 6.81978901346701E+001
 4.37999999999998E+009	 6.80499319946092E+001	 6.80499319946092E+001
 4.38999999999998E+009	 6.79039778911903E+001	 6.79039778911903E+001
 4.39999999999998E+009	 6.77599242904583E+001	 6.77599242904583E+001
 4.40999999999998E+009	 6.76176806491890E+001	 6.76176806491890E+001
 4.41999999999998E+009	 6.74771670824063E+001	 6.74771670824063E+001
 4.42999999999998E+009	 6.73383124742241E+001	 6.73383124742241E+001
 4.43999999999998E+009	 6.72010529466848E+001	 6.72010529466848E+001
 4.44999999999998E+009	 6.70653306179831E+001	 6.70653306179831E+001
 4.45999999999998E+009	 6.69310925920439E+001	 6.69310925920439E+001
 4.46999999999998E+009	 6.67982901396386E+001	 6.67982901396386E+001
 4.47999999999998E+009	 6.66668780320391E+001	 6.66668780320391E+001
 4.48999999999998E+009	 6.65368140008268E+001	 6.65368140008268E+001
 4.49999999999998E+009	 6.64080582986544E+001	 6.64080582986544E+001
 4.50999999999998E+009	 6.62805733439711E+001	 6.62805733439711E+001
 4.51999999999998E+009	 6.61543234326867E+001	 6.61543234326867E+001
 4.52999999999998E+009	 6.60292745060241E+001	 6.60292745060241E+001
 4.53999999999998E+009	 6.59053939616538E+001	 6.59053939616538E+001
 4.54999999999998E+009	 6.57826505031159E+001	 6.57826505031159E+001
 4.55999999999998E+009	 6.56610140174815E+001	 6.56610140174815E+001
 4.56999999999998E+009	 6.55404554773477E+001	 6.55404554773477E+001
 4.57999999999998E+009	 6.54209468623683E+001	 6.54209468623683E+001
 4.58999999999998E+009	 6.53024610955833E+001	 6.53024610955833E+001
 4.59999999999998E+009	 6.51849719936380E+001	 6.51849719936380E+001
 4.60999999999998E+009	 6.50684542239528E+001	 6.50684542239528E+001
 4.61999999999998E+009	 6.49528832737814E+001	 6.49528832737814E+001
 4.62999999999998E+009	 6.48382354210727E+001	 6.48382354210727E+001
 4.63999999999998E+009	 6.47244877132604E+001	 6.47244877132604E+001
 4.64999999999998E+009	 6.46116179481848E+001	 6.46116179481848E+001
 4.65999999999998E+009	 6.44996046577559E+001	 6.44996046577559E+001
 4.66999999999998E+009	 6.43884270947658E+001	 6.43884270947658E+001
 4.67999999999998E+009	 6.42780652196802E+001	 6.42780652196802E+001
 4.68999999999998E+009	 6.41684996899280E+001	 6.41684996899280E+001
 4.69999999999998E+009	 6.40597118492530E+001	 6.40597118492530E+001
 4.70999999999998E+009	 6.39516837175109E+001	 6.39516837175109E+001
 4.71999999999998E+009	 6.38443979811545E+001	 6.38443979811545E+001
 4.72999999999998E+009	 6.37378379839751E+001	 6.37378379839751E+001
 4.73999999999998E+009	 6.36319877174297E+001	 6.36319877174297E+001
 4.74999999999998E+009	 6.35268318113080E+001	 6.35268318113080E+001
 4.75999999999998E+009	 6.34223555247122E+001	 6.34223555247122E+001
 4.76999999999998E+009	 6.33185447357662E+001	 6.33185447357662E+001
 4.77999999999998E+009	 6.32153859330666E+001	 6.32153859330666E+001
 4.78999999999998E+009	 6.31128662052170E+001	 6.31128662052170E+001
 4.79999999999998E+009	 6.30109732314130E+001	 6.30109732314130E+001
 4.80999999999998E+009	 6.29096952711159E+001	 6.29096952711159E+001
 4.81999999999998E+009	 6.28090211545644E+001	 6.28090211545644E+001
 4.82999999999998E+009	 6.27089402718273E+001	 6.27089402718273E+001
 4.83999999999998E+009	 6.26094425629550E+001	 6.26094425629550E+001
 4.84999999999998E+009	 6.25105185071846E+001	 6.25105185071846E+001
 4.85999999999998E+009	 6.24121591127185E+001	 6.24121591127185E+001
 4.86999999999998E+009	 6.23143559052794E+001	 6.23143559052794E+001
 4.87999999999998E+009	 6.22171009177681E+001	 6.22171009177681E+001
 4.88999999999998E+009	 6.21203866789200E+001	 6.21203866789200E+001
 4.89999999999998E+009	 6.20242062024315E+001	 6.20242062024315E+001
 4.90999999999998E+009	 6.19285529755333E+001	 6.19285529755333E+001
 4.91999999999998E+009	 6.18334209476289E+001	 6.18334209476289E+001
 4.92999999999998E+009	 6.17388045190030E+001	 6.17388045190030E+001
 4.93999999999998E+009	 6.16446985292936E+001	 6.16446985292936E+001
 4.94999999999998E+009	 6.15510982458390E+001	 6.15510982458390E+001
 4.95999999999998E+009	 6.14579993521860E+001	 6.14579993521860E+001
 4.96999999999998E+009	 6.13653979363530E+001	 6.13653979363530E+001
 4.97999999999998E+009	 6.12732904795115E+001	 6.12732904795115E+001
 4.98999999999998E+009	 6.11816738435615E+001	 6.11816738435615E+001
 4.99999999999998E+009	 6.10905452605140E+001	 6.10905452605140E+001
 5.00999999999998E+009	 6.10761202753349E+001	 6.10761202753349E+001
 5.01999999999998E+009	 6.10437833933287E+001	 6.10437833933287E+001
 5.02999999999998E+009	 6.09974131536680E+001	 6.09974131536680E+001
 5.03999999999998E+009	 6.09400389679765E+001	 6.09400389679765E+001
 5.04999999999998E+009	 6.08740283184951E+001	 6.08740283184951E+001
 5.05999999999998E+009	 6.08012357676643E+001	 6.08012357676643E+001
 5.06999999999998E+009	 6.07231191776287E+001	 6.07231191776287E+001
 5.07999999999998E+009	 6.06408293801480E+001	 6.06408293801480E+001
 5.08999999999998E+009	 6.05552790124113E+001	 6.05552790124113E+001
 5.09999999999998E+009	 6.04671952835282E+001	 6.04671952835282E+001
 5.10999999999998E+009	 6.03771604594633E+001	 6.03771604594633E+001
 5.11999999999998E+009	 6.02856430008417E+001	 6.02856430008417E+001
 5.12999999999998E+009	 6.01930215935492E+001	 6.01930215935492E+001
 5.13999999999998E+009	 6.00996037677650E+001	 6.00996037677650E+001
 5.14999999999998E+009	 6.00056403901982E+001	 6.00056403901982E+001
 5.15999999999998E+009	 5.99113369951702E+001	 5.99113369951702E+001
 5.16999999999998E+009	 5.98168626862712E+001	 5.98168626862712E+001
 5.17999999999998E+009	 5.97223571625687E+001	 5.97223571625687E+001
 5.18999999999998E+009	 5.96279362909765E+001	 5.96279362909765E+001
 5.19999999999998E+009	 5.95336965453262E+001	 5.95336965453262E+001
 5.20999999999998E+009	 5.94397185586382E+001	 5.94397185586382E+001
 5.21999999999998E+009	 5.93460699785743E+001	 5.93460699785743E+001
 5.22999999999998E+009	 5.92528077717403E+001	 5.92528077717403E+001
 5.23999999999998E+009	 5.91599800907819E+001	 5.91599800907819E+001
 5.24999999999998E+009	 5.90676277941005E+001	 5.90676277941005E+001
 5.25999999999998E+009	 5.89757856858324E+001	 5.89757856858324E+001
 5.26999999999998E+009	 5.88844835326121E+001	 5.88844835326121E+001
 5.27999999999998E+009	 5.87937468993551E+001	 5.87937468993551E+001
 5.28999999999998E+009	 5.87035978393494E+001	 5.87035978393494E+001
 5.29999999999998E+009	 5.86140554648164E+001	 5.86140554648164E+001
 5.30999999999998E+009	 5.85251364209142E+001	 5.85251364209142E+001
 5.31999999999998E+009	 5.84368552812545E+001	 5.84368552812545E+001
 5.32999999999998E+009	 5.83492248772619E+001	 5.83492248772619E+001
 5.33999999999998E+009	 5.82622565751626E+001	 5.82622565751626E+001
 5.34999999999998E+009	 5.81759605085406E+001	 5.81759605085406E+001
 5.35999999999998E+009	 5.80903457749898E+001	 5.80903457749898E+001
 5.36999999999998E+009	 5.80054206016446E+001	 5.80054206016446E+001
 5.37999999999998E+009	 5.79211924881301E+001	 5.79211924881301E+001
 5.38999999999998E+009	 5.78376683261792E+001	 5.78376683261792E+001
 5.39999999999998E+009	 5.77548545046951E+001	 5.77548545046951E+001
 5.40999999999998E+009	 5.76727569994553E+001	 5.76727569994553E+001
 5.41999999999998E+009	 5.75913814516551E+001	 5.75913814516551E+001
 5.42999999999998E+009	 5.75107332375823E+001	 5.75107332375823E+001
 5.43999999999998E+009	 5.74308175296415E+001	 5.74308175296415E+001
 5.44999999999998E+009	 5.73516393526763E+001	 5.73516393526763E+001
 5.45999999999998E+009	 5.72732036345748E+001	 5.72732036345748E+001
 5.46999999999998E+009	 5.71955152536883E+001	 5.71955152536883E+001
 5.47999999999998E+009	 5.71185790846432E+001	 5.71185790846432E+001
 5.48999999999998E+009	 5.70424000411048E+001	 5.70424000411048E+001
 5.49999999999998E+009	 5.69669831194355E+001	 5.69669831194355E+001
 5.50999999999998E+009	 5.68923334421235E+001	 5.68923334421235E+001
 5.51999999999998E+009	 5.68184563023235E+001	 5.68184563023235E+001
 5.52999999999998E+009	 5.67453572103059E+001	 5.67453572103059E+001
 5.53999999999998E+009	 5.66730419429033E+001	 5.66730419429033E+001
 5.54999999999998E+009	 5.66015165963772E+001	 5.66015165963772E+001
 5.55999999999998E+009	 5.65307876441912E+001	 5.65307876441912E+001
 5.56999999999998E+009	 5.64608619996039E+001	 5.64608619996039E+001
 5.57999999999998E+009	 5.63917470849314E+001	 5.63917470849314E+001
 5.58999999999998E+009	 5.63234509084929E+001	 5.63234509084929E+001
 5.59999999999998E+009	 5.62559821497545E+001	 5.62559821497545E+001
 5.60999999999998E+009	 5.61893502537433E+001	 5.61893502537433E+001
 5.61999999999998E+009	 5.61235655365924E+001	 5.61235655365924E+001
 5.62999999999998E+009	 5.60586393018641E+001	 5.60586393018641E+001
 5.63999999999998E+009	 5.59945839698100E+001	 5.59945839698100E+001
 5.64999999999998E+009	 5.59314132180401E+001	 5.59314132180401E+001
 5.65999999999998E+009	 5.58691421348397E+001	 5.58691421348397E+001
 5.66999999999998E+009	 5.58077873823818E+001	 5.58077873823818E+001
 5.67999999999998E+009	 5.57473673662550E+001	 5.57473673662550E+001
 5.68999999999998E+009	 5.56879024053186E+001	 5.56879024053186E+001
 5.69999999999998E+009	 5.56294148895921E+001	 5.56294148895921E+001
 5.70999999999998E+009	 5.55719294086113E+001	 5.55719294086113E+001
 5.71999999999998E+009	 5.55154728215965E+001	 5.55154728215965E+001
 5.72999999999998E+009	 5.54600742232783E+001	 5.54600742232783E+001
 5.73999999999998E+009	 5.54057647378919E+001	 5.54057647378919E+001
 5.74999999999998E+009	 5.53525770376875E+001	 5.53525770376875E+001
 5.75999999999998E+009	 5.53005444308189E+001	 5.53005444308189E+001
 5.76999999999998E+009	 5.52496992900838E+001	 5.52496992900838E+001
 5.77999999999998E+009	 5.52000704909023E+001	 5.52000704909023E+001
 5.78999999999998E+009	 5.51516793830492E+001	 5.51516793830492E+001
 5.79999999999998E+009	 5.51045336373558E+001	 5.51045336373558E+001
 5.80999999999998E+009	 5.50586180908385E+001	 5.50586180908385E+001
 5.81999999999998E+009	 5.50138814959321E+001	 5.50138814959321E+001
 5.82999999999998E+009	 5.49702179858230E+001	 5.49702179858230E+001
 5.83999999999998E+009	 5.49274423098110E+001	 5.49274423098110E+001
 5.84999999999998E+009	 5.48852589411817E+001	 5.48852589411817E+001
 5.85999999999998E+009	 5.48432277030728E+001	 5.48432277030728E+001
 5.86999999999998E+009	 5.48007334672117E+001	 5.48007334672117E+001
 5.87999999999998E+009	 5.47569750950975E+001	 5.47569750950975E+001
 5.88999999999998E+009	 5.47109974116316E+001	 5.47109974116316E+001
 5.89999999999998E+009	 5.46617934942186E+001	 5.46617934942186E+001
 5.90999999999998E+009	 5.46084917266606E+001	 5.46084917266606E+001
 5.91999999999998E+009	 5.45506031375175E+001	 5.45506031375175E+001
 5.92999999999998E+009	 5.44882481011042E+001	 5.44882481011042E+001
 5.93999999999998E+009	 5.44222475203333E+001	 5.44222475203333E+001
 5.94999999999998E+009	 5.43540010734804E+001	 5.43540010734804E+001
 5.95999999999998E+009	 5.42851823281920E+001	 5.42851823281920E+001
 5.96999999999998E+009	 5.42173809419185E+001	 5.42173809419185E+001
 5.97999999999998E+009	 5.41518346492094E+001	 5.41518346492094E+001
 5.98999999999998E+009	 5.40893199173646E+001	 5.40893199173646E+001
 5.99999999999998E+009	 5.40301817476681E+001	 5.40301817476681E+001
 6.00999999999998E+009	 5.39731170285370E+001	 5.39731170285370E+001
 6.01999999999998E+009	 5.39193399639118E+001	 5.39193399639118E+001
 6.02999999999998E+009	 5.38685558531619E+001	 5.38685558531619E+001
 6.03999999999998E+009	 5.38204357297179E+001	 5.38204357297179E+001
 6.04999999999998E+009	 5.37746588126006E+001	 5.37746588126006E+001
 6.05999999999998E+009	 5.37309342580289E+001	 5.37309342580289E+001
 6.06999999999998E+009	 5.36890096029659E+001	 5.36890096029659E+001
 6.07999999999998E+009	 5.36486715773984E+001	 5.36486715773984E+001
 6.08999999999998E+009	 5.36097430646239E+001	 5.36097430646239E+001
 6.09999999999998E+009	 5.35720784882572E+001	 5.35720784882572E+001
 6.10999999999998E+009	 5.35355588810127E+001	 5.35355588810127E+001
 6.11999999999998E+009	 5.35000872603007E+001	 5.35000872603007E+001
 6.12999999999998E+009	 5.34655845706074E+001	 5.34655845706074E+001
 6.13999999999998E+009	 5.34319862571761E+001	 5.34319862571761E+001
 6.14999999999998E+009	 5.33992394412046E+001	 5.33992394412046E+001
 6.15999999999998E+009	 5.33673006248254E+001	 5.33673006248254E+001
 6.16999999999998E+009	 5.33361338441370E+001	 5.33361338441370E+001
 6.17999999999998E+009	 5.33057091915445E+001	 5.33057091915445E+001
 6.18999999999998E+009	 5.32760016372011E+001	 5.32760016372011E+001
 6.19999999999998E+009	 5.32469900909631E+001	 5.32469900909631E+001
 6.20999999999997E+009	 5.32186566557707E+001	 5.32186566557707E+001
 6.21999999999997E+009	 5.31909860338796E+001	 5.31909860338796E+001
 6.22999999999997E+009	 5.31639650540060E+001	 5.31639650540060E+001
 6.23999999999997E+009	 5.31375822948343E+001	 5.31375822948343E+001
 6.24999999999997E+009	 5.31118277856647E+001	 5.31118277856647E+001
 6.25999999999997E+009	 5.30866927673703E+001	 5.30866927673703E+001
 6.26999999999997E+009	 5.30621695034875E+001	 5.30621695034875E+001
 6.27999999999997E+009	 5.30382511297023E+001	 5.30382511297023E+001
 6.28999999999997E+009	 5.30149315360809E+001	 5.30149315360809E+001
 6.29999999999997E+009	 5.29922052747509E+001	 5.29922052747509E+001
 6.30999999999997E+009	 5.29700674894446E+001	 5.29700674894446E+001
 6.31999999999997E+009	 5.29485138622473E+001	 5.29485138622473E+001
 6.32999999999997E+009	 5.29275405760100E+001	 5.29275405760100E+001
 6.33999999999997E+009	 5.29071442888732E+001	 5.29071442888732E+001
 6.34999999999997E+009	 5.28873221205904E+001	 5.28873221205904E+001
 6.35999999999997E+009	 5.28680716484670E+001	 5.28680716484670E+001
 6.36999999999997E+009	 5.28493909125406E+001	 5.28493909125406E+001
 6.37999999999997E+009	 5.28312784296580E+001	 5.28312784296580E+001
 6.38999999999997E+009	 5.28137332160036E+001	 5.28137332160036E+001
 6.39999999999997E+009	 5.27967548177469E+001	 5.27967548177469E+001
 6.40999999999997E+009	 5.27803433511148E+001	 5.27803433511148E+001
 6.41999999999997E+009	 5.27644995514123E+001	 5.27644995514123E+001
 6.42999999999997E+009	 5.27492248326027E+001	 5.27492248326027E+001
 6.43999999999997E+009	 5.27345213577569E+001	 5.27345213577569E+001
 6.44999999999997E+009	 5.27203921228290E+001	 5.27203921228290E+001
 6.45999999999997E+009	 5.27068410545639E+001	 5.27068410545639E+001
 6.46999999999997E+009	 5.26938731255359E+001	 5.26938731255359E+001
 6.47999999999997E+009	 5.26814944888651E+001	 5.26814944888651E+001
 6.48999999999997E+009	 5.26697126359183E+001	 5.26697126359183E+001
 6.49999999999997E+009	 5.26585365815654E+001	 5.26585365815654E+001
 6.50999999999997E+009	 5.26479770818922E+001	 5.26479770818922E+001
 6.51999999999997E+009	 5.26380468912909E+001	 5.26380468912909E+001
 6.52999999999997E+009	 5.26287610663589E+001	 5.26287610663589E+001
 6.53999999999997E+009	 5.26201373272792E+001	 5.26201373272792E+001
 6.54999999999997E+009	 5.26121964883157E+001	 5.26121964883157E+001
 6.55999999999997E+009	 5.26049629742738E+001	 5.26049629742738E+001
 6.56999999999997E+009	 5.25984654413164E+001	 5.25984654413164E+001
 6.57999999999997E+009	 5.25927375286334E+001	 5.25927375286334E+001
 6.58999999999997E+009	 5.25878187722687E+001	 5.25878187722687E+001
 6.59999999999997E+009	 5.25837557231031E+001	 5.25837557231031E+001
 6.60999999999997E+009	 5.25806033223481E+001	 5.25806033223481E+001
 6.61999999999997E+009	 5.25784266054020E+001	 5.25784266054020E+001
 6.62999999999997E+009	 5.25773028259679E+001	 5.25773028259679E+001
 6.63999999999997E+009	 5.25773241235078E+001	 5.25773241235078E+001
 6.64999999999997E+009	 5.25786008992621E+001	 5.25786008992621E+001
 6.65999999999997E+009	 5.25812661219872E+001	 5.25812661219872E+001
 6.66999999999997E+009	 5.25854808683503E+001	 5.25854808683503E+001
 6.67999999999997E+009	 5.25914415162410E+001	 5.25914415162410E+001
 6.68999999999997E+009	 5.25993891737665E+001	 5.25993891737665E+001
 6.69999999999997E+009	 5.26096221671182E+001	 5.26096221671182E+001
 6.70999999999997E+009	 5.26225127566466E+001	 5.26225127566466E+001
 6.71999999999997E+009	 5.26385297697157E+001	 5.26385297697157E+001
 6.72999999999997E+009	 5.26582696084132E+001	 5.26582696084132E+001
 6.73999999999997E+009	 5.26824992562707E+001	 5.26824992562707E+001
 6.74999999999997E+009	 5.27122166720863E+001	 5.27122166720863E+001
 6.75999999999997E+009	 5.27487366401000E+001	 5.27487366401000E+001
 6.76999999999997E+009	 5.27938141760564E+001	 5.27938141760564E+001
 6.77999999999997E+009	 5.28498234611962E+001	 5.28498234611962E+001
 6.78999999999997E+009	 5.29200181685147E+001	 5.29200181685147E+001
 6.79999999999997E+009	 5.30089073134840E+001	 5.30089073134840E+001
 6.80999999999997E+009	 5.31227809325751E+001	 5.31227809325751E+001
 6.81999999999997E+009	 5.32703809084050E+001	 5.32703809084050E+001
 6.82999999999997E+009	 5.34635354580732E+001	 5.34635354580732E+001
 6.83999999999997E+009	 5.37169881243168E+001	 5.37169881243168E+001
 6.84999999999997E+009	 5.40450709884191E+001	 5.40450709884191E+001
 6.85999999999997E+009	 5.44497943904814E+001	 5.44497943904814E+001
 6.86999999999997E+009	 5.48927970014787E+001	 5.48927970014787E+001
 6.87999999999997E+009	 5.52558355544333E+001	 5.52558355544333E+001
 6.88999999999997E+009	 5.53494547261789E+001	 5.53494547261789E+001
 6.89999999999997E+009	 5.50659860050146E+001	 5.50659860050146E+001
 6.90999999999997E+009	 5.45301524622210E+001	 5.45301524622210E+001
 6.91999999999997E+009	 5.39661002611017E+001	 5.39661002611017E+001
 6.92999999999997E+009	 5.35021011150816E+001	 5.35021011150816E+001
 6.93999999999997E+009	 5.31598065825467E+001	 5.31598065825467E+001
 6.94999999999997E+009	 5.29172109456500E+001	 5.29172109456500E+001
 6.95999999999997E+009	 5.27464867710746E+001	 5.27464867710746E+001
 6.96999999999997E+009	 5.26254422351769E+001	 5.26254422351769E+001
 6.97999999999997E+009	 5.25385084297596E+001	 5.25385084297596E+001
 6.98999999999997E+009	 5.24751992308455E+001	 5.24751992308455E+001
 6.99999999999997E+009	 5.24285024053869E+001	 5.24285024053869E+001
 7.00999999999997E+009	 5.24252297426273E+001	 5.24252297426273E+001
 7.01999999999997E+009	 5.24222970332661E+001	 5.24222970332661E+001
 7.02999999999997E+009	 5.24197013739348E+001	 5.24197013739348E+001
 7.03999999999997E+009	 5.24174400853759E+001	 5.24174400853759E+001
 7.04999999999997E+009	 5.24155107054374E+001	 5.24155107054374E+001
 7.05999999999997E+009	 5.24139109813676E+001	 5.24139109813676E+001
 7.06999999999997E+009	 5.24126388615685E+001	 5.24126388615685E+001
 7.07999999999997E+009	 5.24118442983109E+001	 5.24118442983109E+001
 7.08999999999997E+009	 5.24110701789280E+001	 5.24110701789280E+001
 7.09999999999997E+009	 5.24107704335303E+001	 5.24107704335303E+001
 7.10999999999997E+009	 5.24107919059868E+001	 5.24107919059868E+001
 7.11999999999997E+009	 5.24111334012553E+001	 5.24111334012553E+001
 7.12999999999997E+009	 5.24117938615017E+001	 5.24117938615017E+001
 7.13999999999997E+009	 5.24127723532584E+001	 5.24127723532584E+001
 7.14999999999997E+009	 5.24140680543814E+001	 5.24140680543814E+001
 7.15999999999997E+009	 5.24156802403977E+001	 5.24156802403977E+001
 7.16999999999997E+009	 5.24176082706644E+001	 5.24176082706644E+001
 7.17999999999997E+009	 5.24198515740548E+001	 5.24198515740548E+001
 7.18999999999997E+009	 5.24224096347294E+001	 5.24224096347294E+001
 7.19999999999997E+009	 5.24252819774568E+001	 5.24252819774568E+001
 7.20999999999997E+009	 5.24284681532306E+001	 5.24284681532306E+001
 7.21999999999997E+009	 5.24319677246615E+001	 5.24319677246615E+001
 7.22999999999997E+009	 5.24357802516970E+001	 5.24357802516970E+001
 7.23999999999997E+009	 5.24399052773352E+001	 5.24399052773352E+001
 7.24999999999997E+009	 5.24443423139436E+001	 5.24443423139436E+001
 7.25999999999997E+009	 5.24490908297945E+001	 5.24490908297945E+001
 7.26999999999997E+009	 5.24541502359776E+001	 5.24541502359776E+001
 7.27999999999997E+009	 5.24595198741075E+001	 5.24595198741075E+001
 7.28999999999997E+009	 5.24651990044690E+001	 5.24651990044690E+001
 7.29999999999997E+009	 5.24711867949243E+001	 5.24711867949243E+001
 7.30999999999997E+009	 5.24774823105888E+001	 5.24774823105888E+001
 7.31999999999997E+009	 5.24840845043139E+001	 5.24840845043139E+001
 7.32999999999997E+009	 5.24909922080277E+001	 5.24909922080277E+001
 7.33999999999997E+009	 5.24982041249791E+001	 5.24982041249791E+001
 7.34999999999997E+009	 5.25057188229681E+001	 5.25057188229681E+001
 7.35999999999997E+009	 5.25135347284579E+001	 5.25135347284579E+001
 7.36999999999997E+009	 5.25216501216974E+001	 5.25216501216974E+001
 7.37999999999997E+009	 5.25300631328990E+001	 5.25300631328990E+001
 7.38999999999997E+009	 5.25387717393489E+001	 5.25387717393489E+001
 7.39999999999997E+009	 5.25477737634242E+001	 5.25477737634242E+001
 7.40999999999997E+009	 5.25570668717004E+001	 5.25570668717004E+001
 7.41999999999997E+009	 5.25666485748811E+001	 5.25666485748811E+001
 7.42999999999997E+009	 5.25765162286923E+001	 5.25765162286923E+001
 7.43999999999997E+009	 5.25866670356057E+001	 5.25866670356057E+001
 7.44999999999997E+009	 5.25970980473422E+001	 5.25970980473422E+001
 7.45999999999997E+009	 5.26078061682892E+001	 5.26078061682892E+001
 7.46999999999997E+009	 5.26187881593202E+001	 5.26187881593202E+001
 7.47999999999997E+009	 5.26300406426185E+001	 5.26300406426185E+001
 7.48999999999997E+009	 5.26415601068243E+001	 5.26415601068243E+001
 7.49999999999997E+009	 5.26533429128120E+001	 5.26533429128120E+001
 7.50999999999997E+009	 5.26653852999227E+001	 5.26653852999227E+001
 7.51999999999997E+009	 5.26776833925661E+001	 5.26776833925661E+001
 7.52999999999997E+009	 5.26902332070447E+001	 5.26902332070447E+001
 7.53999999999997E+009	 5.27030306588647E+001	 5.27030306588647E+001
 7.54999999999997E+009	 5.27160715700051E+001	 5.27160715700051E+001
 7.55999999999997E+009	 5.27293516764070E+001	 5.27293516764070E+001
 7.56999999999997E+009	 5.27428666354206E+001	 5.27428666354206E+001
 7.57999999999997E+009	 5.27566120332794E+001	 5.27566120332794E+001
 7.58999999999997E+009	 5.27705833936481E+001	 5.27705833936481E+001
 7.59999999999997E+009	 5.27847761836462E+001	 5.27847761836462E+001
 7.60999999999997E+009	 5.27991858216712E+001	 5.27991858216712E+001
 7.61999999999997E+009	 5.28138076843198E+001	 5.28138076843198E+001
 7.62999999999997E+009	 5.28286371133596E+001	 5.28286371133596E+001
 7.63999999999997E+009	 5.28436694265056E+001	 5.28436694265056E+001
 7.64999999999997E+009	 5.28588999066341E+001	 5.28588999066341E+001
 7.65999999999997E+009	 5.28743238323823E+001	 5.28743238323823E+001
 7.66999999999997E+009	 5.28899364676997E+001	 5.28899364676997E+001
 7.67999999999997E+009	 5.29057330707489E+001	 5.29057330707489E+001
 7.68999999999997E+009	 5.29217088985815E+001	 5.29217088985815E+001
 7.69999999999997E+009	 5.29378592113573E+001	 5.29378592113573E+001
 7.70999999999997E+009	 5.29541792760661E+001	 5.29541792760661E+001
 7.71999999999997E+009	 5.29706643698141E+001	 5.29706643698141E+001
 7.72999999999997E+009	 5.29873097826192E+001	 5.29873097826192E+001
 7.73999999999997E+009	 5.30041108196923E+001	 5.30041108196923E+001
 7.74999999999997E+009	 5.30210628032107E+001	 5.30210628032107E+001
 7.75999999999997E+009	 5.30381610735239E+001	 5.30381610735239E+001
 7.76999999999997E+009	 5.30554009900314E+001	 5.30554009900314E+001
 7.77999999999997E+009	 5.30727779312160E+001	 5.30727779312160E+001
 7.78999999999997E+009	 5.30902872943929E+001	 5.30902872943929E+001
 7.79999999999997E+009	 5.31079244948620E+001	 5.31079244948620E+001
 7.80999999999997E+009	 5.31256849644169E+001	 5.31256849644169E+001
 7.81999999999997E+009	 5.31435641493566E+001	 5.31435641493566E+001
 7.82999999999997E+009	 5.31615575080341E+001	 5.31615575080341E+001
 7.83999999999997E+009	 5.31796605076339E+001	 5.31796605076339E+001
 7.84999999999997E+009	 5.31978686205854E+001	 5.31978686205854E+001
 7.85999999999997E+009	 5.32161773202618E+001	 5.32161773202618E+001
 7.86999999999997E+009	 5.32345820761597E+001	 5.32345820761597E+001
 7.87999999999997E+009	 5.32530783484962E+001	 5.32530783484962E+001
 7.88999999999997E+009	 5.32716615821617E+001	 5.32716615821617E+001
 7.89999999999997E+009	 5.32903272001910E+001	 5.32903272001910E+001
 7.90999999999997E+009	 5.33090705965275E+001	 5.33090705965275E+001
 7.91999999999997E+009	 5.33278871282706E+001	 5.33278871282706E+001
 7.92999999999997E+009	 5.33467721074248E+001	 5.33467721074248E+001
 7.93999999999997E+009	 5.33657207918843E+001	 5.33657207918843E+001
 7.94999999999997E+009	 5.33847283761568E+001	 5.33847283761568E+001
 7.95999999999997E+009	 5.34037899814043E+001	 5.34037899814043E+001
 7.96999999999997E+009	 5.34229006451273E+001	 5.34229006451273E+001
 7.97999999999997E+009	 5.34420553104661E+001	 5.34420553104661E+001
 7.98999999999997E+009	 5.34612488152609E+001	 5.34612488152609E+001
 7.99999999999997E+009	 5.34804758808681E+001	 5.34804758808681E+001
 8.00999999999997E+009	 5.34994085011776E+001	 5.34994085011776E+001
 8.01999999999997E+009	 5.35183597665564E+001	 5.35183597665564E+001
 8.02999999999997E+009	 5.35373265626190E+001	 5.35373265626190E+001
 8.03999999999997E+009	 5.35563058508221E+001	 5.35563058508221E+001
 8.04999999999997E+009	 5.35752946702565E+001	 5.35752946702565E+001
 8.05999999999997E+009	 5.35942901394585E+001	 5.35942901394585E+001
 8.06999999999997E+009	 5.36132894582081E+001	 5.36132894582081E+001
 8.07999999999997E+009	 5.36322899095389E+001	 5.36322899095389E+001
 8.08999999999997E+009	 5.36512888616811E+001	 5.36512888616811E+001
 8.09999999999997E+009	 5.36702837700137E+001	 5.36702837700137E+001
 8.10999999999997E+009	 5.36892721791122E+001	 5.36892721791122E+001
 8.11999999999997E+009	 5.37082517246372E+001	 5.37082517246372E+001
 8.12999999999997E+009	 5.37272201353329E+001	 5.37272201353329E+001
 8.13999999999997E+009	 5.37461752347819E+001	 5.37461752347819E+001
 8.14999999999997E+009	 5.37651149432896E+001	 5.37651149432896E+001
 8.15999999999997E+009	 5.37840372794035E+001	 5.37840372794035E+001
 8.16999999999996E+009	 5.38029403614645E+001	 5.38029403614645E+001
 8.17999999999996E+009	 5.38218224088972E+001	 5.38218224088972E+001
 8.18999999999996E+009	 5.38406817433486E+001	 5.38406817433486E+001
 8.19999999999996E+009	 5.38595167895508E+001	 5.38595167895508E+001
 8.20999999999996E+009	 5.38783260759059E+001	 5.38783260759059E+001
 8.21999999999996E+009	 5.38971082348543E+001	 5.38971082348543E+001
 8.22999999999996E+009	 5.39158620028078E+001	 5.39158620028078E+001
 8.23999999999996E+009	 5.39345862198820E+001	 5.39345862198820E+001
 8.24999999999996E+009	 5.39532798291040E+001	 5.39532798291040E+001
 8.25999999999996E+009	 5.39719418752864E+001	 5.39719418752864E+001
 8.26999999999996E+009	 5.39905715035167E+001	 5.39905715035167E+001
 8.27999999999996E+009	 5.40091679571147E+001	 5.40091679571147E+001
 8.28999999999996E+009	 5.40277305751934E+001	 5.40277305751934E+001
 8.29999999999996E+009	 5.40462587897011E+001	 5.40462587897011E+001
 8.30999999999996E+009	 5.40647521219999E+001	 5.40647521219999E+001
 8.31999999999996E+009	 5.40832101789515E+001	 5.40832101789515E+001
 8.32999999999996E+009	 5.41016326484441E+001	 5.41016326484441E+001
 8.33999999999996E+009	 5.41200192944723E+001	 5.41200192944723E+001
 8.34999999999996E+009	 5.41383699517362E+001	 5.41383699517362E+001
 8.35999999999996E+009	 5.41566845196549E+001	 5.41566845196549E+001
 8.36999999999996E+009	 5.41749629560414E+001	 5.41749629560414E+001
 8.37999999999996E+009	 5.41932052701572E+001	 5.41932052701572E+001
 8.38999999999996E+009	 5.42114115155204E+001	 5.42114115155204E+001
 8.39999999999996E+009	 5.42295817821449E+001	 5.42295817821449E+001
 8.40999999999996E+009	 5.42477161884868E+001	 5.42477161884868E+001
 8.41999999999996E+009	 5.42658148730481E+001	 5.42658148730481E+001
 8.42999999999996E+009	 5.42838779856613E+001	 5.42838779856613E+001
 8.43999999999996E+009	 5.43019056785147E+001	 5.43019056785147E+001
 8.44999999999996E+009	 5.43198980970032E+001	 5.43198980970032E+001
 8.45999999999996E+009	 5.43378553703970E+001	 5.43378553703970E+001
 8.46999999999996E+009	 5.43557776023747E+001	 5.43557776023747E+001
 8.47999999999996E+009	 5.43736648615353E+001	 5.43736648615353E+001
 8.48999999999996E+009	 5.43915171719268E+001	 5.43915171719268E+001
 8.49999999999996E+009	 5.44093345035113E+001	 5.44093345035113E+001
 8.50999999999996E+009	 5.44271167628652E+001	 5.44271167628652E+001
 8.51999999999996E+009	 5.44448637839572E+001	 5.44448637839572E+001
 8.52999999999996E+009	 5.44625753191022E+001	 5.44625753191022E+001
 8.53999999999996E+009	 5.44802510302482E+001	 5.44802510302482E+001
 8.54999999999996E+009	 5.44978904804386E+001	 5.44978904804386E+001
 8.55999999999996E+009	 5.45154931257489E+001	 5.45154931257489E+001
 8.56999999999996E+009	 5.45330583074193E+001	 5.45330583074193E+001
 8.57999999999996E+009	 5.45505852445555E+001	 5.45505852445555E+001
 8.58999999999996E+009	 5.45680730271454E+001	 5.45680730271454E+001
 8.59999999999996E+009	 5.45855206095763E+001	 5.45855206095763E+001
 8.60999999999996E+009	 5.46029268046381E+001	 5.46029268046381E+001
 8.61999999999996E+009	 5.46202902779883E+001	 5.46202902779883E+001
 8.62999999999996E+009	 5.46376095430993E+001	 5.46376095430993E+001
 8.63999999999996E+009	 5.46548829567643E+001	 5.46548829567643E+001
 8.64999999999996E+009	 5.46721087150677E+001	 5.46721087150677E+001
 8.65999999999996E+009	 5.46892848498350E+001	 5.46892848498350E+001
 8.66999999999996E+009	 5.47064092256139E+001	 5.47064092256139E+001
 8.67999999999996E+009	 5.47234795371085E+001	 5.47234795371085E+001
 8.68999999999996E+009	 5.47404933070799E+001	 5.47404933070799E+001
 8.69999999999996E+009	 5.47574478846497E+001	 5.47574478846497E+001
 8.70999999999996E+009	 5.47743404440909E+001	 5.47743404440909E+001
 8.71999999999996E+009	 5.47911679839327E+001	 5.47911679839327E+001
 8.72999999999996E+009	 5.48079273264922E+001	 5.48079273264922E+001
 8.73999999999996E+009	 5.48246151176720E+001	 5.48246151176720E+001
 8.74999999999996E+009	 5.48412278271410E+001	 5.48412278271410E+001
 8.75999999999996E+009	 5.48577617487099E+001	 5.48577617487099E+001
 8.76999999999996E+009	 5.48742130009939E+001	 5.48742130009939E+001
 8.77999999999996E+009	 5.48905775282665E+001	 5.48905775282665E+001
 8.78999999999996E+009	 5.49068511015018E+001	 5.49068511015018E+001
 8.79999999999996E+009	 5.49230293195431E+001	 5.49230293195431E+001
 8.80999999999996E+009	 5.49391076103971E+001	 5.49391076103971E+001
 8.81999999999996E+009	 5.49550812326392E+001	 5.49550812326392E+001
 8.82999999999996E+009	 5.49709452768293E+001	 5.49709452768293E+001
 8.83999999999996E+009	 5.49866946670149E+001	 5.49866946670149E+001
 8.84999999999996E+009	 5.50023241622174E+001	 5.50023241622174E+001
 8.85999999999996E+009	 5.50178283579156E+001	 5.50178283579156E+001
 8.86999999999996E+009	 5.50332016875081E+001	 5.50332016875081E+001
 8.87999999999996E+009	 5.50484384237136E+001	 5.50484384237136E+001
 8.88999999999996E+009	 5.50635326799462E+001	 5.50635326799462E+001
 8.89999999999996E+009	 5.50784784115867E+001	 5.50784784115867E+001
 8.90999999999996E+009	 5.50932694171873E+001	 5.50932694171873E+001
 8.91999999999996E+009	 5.51078993395894E+001	 5.51078993395894E+001
 8.92999999999996E+009	 5.51223616669573E+001	 5.51223616669573E+001
 8.93999999999996E+009	 5.51366497336965E+001	 5.51366497336965E+001
 8.94999999999996E+009	 5.51507567213079E+001	 5.51507567213079E+001
 8.95999999999996E+009	 5.51646756591235E+001	 5.51646756591235E+001
 8.96999999999996E+009	 5.51783994249799E+001	 5.51783994249799E+001
 8.97999999999996E+009	 5.51919207457936E+001	 5.51919207457936E+001
 8.98999999999996E+009	 5.52052321980730E+001	 5.52052321980730E+001
 8.99999999999996E+009	 5.52183262083890E+001	 5.52183262083890E+001
 9.00999999999996E+009	 5.52312017878834E+001	 5.52312017878834E+001
 9.01999999999996E+009	 5.52438456239132E+001	 5.52438456239132E+001
 9.02999999999996E+009	 5.52562503044602E+001	 5.52562503044602E+001
 9.03999999999996E+009	 5.52684082720788E+001	 5.52684082720788E+001
 9.04999999999996E+009	 5.52803118233825E+001	 5.52803118233825E+001
 9.05999999999996E+009	 5.52919531087006E+001	 5.52919531087006E+001
 9.06999999999996E+009	 5.53033241319059E+001	 5.53033241319059E+001
 9.07999999999996E+009	 5.53144167504603E+001	 5.53144167504603E+001
 9.08999999999996E+009	 5.53252226757014E+001	 5.53252226757014E+001
 9.09999999999996E+009	 5.53357334733889E+001	 5.53357334733889E+001
 9.10999999999996E+009	 5.53459405645783E+001	 5.53459405645783E+001
 9.11999999999996E+009	 5.53558352268331E+001	 5.53558352268331E+001
 9.12999999999996E+009	 5.53654085958261E+001	 5.53654085958261E+001
 9.13999999999996E+009	 5.53746516673857E+001	 5.53746516673857E+001
 9.14999999999996E+009	 5.53835553000126E+001	 5.53835553000126E+001
 9.15999999999996E+009	 5.53921102179506E+001	 5.53921102179506E+001
 9.16999999999996E+009	 5.54003070148379E+001	 5.54003070148379E+001
 9.17999999999996E+009	 5.54081361580291E+001	 5.54081361580291E+001
 9.18999999999996E+009	 5.54155879936309E+001	 5.54155879936309E+001
 9.19999999999996E+009	 5.54226527523358E+001	 5.54226527523358E+001
 9.20999999999996E+009	 5.54293205561275E+001	 5.54293205561275E+001
 9.21999999999996E+009	 5.54355814259372E+001	 5.54355814259372E+001
 9.22999999999996E+009	 5.54414252903306E+001	 5.54414252903306E+001
 9.23999999999996E+009	 5.54468419953271E+001	 5.54468419953271E+001
 9.24999999999996E+009	 5.54518213154285E+001	 5.54518213154285E+001
 9.25999999999996E+009	 5.54563529659674E+001	 5.54563529659674E+001
 9.26999999999996E+009	 5.54604266168629E+001	 5.54604266168629E+001
 9.27999999999996E+009	 5.54640319078956E+001	 5.54640319078956E+001
 9.28999999999996E+009	 5.54671584655963E+001	 5.54671584655963E+001
 9.29999999999996E+009	 5.54697959218575E+001	 5.54697959218575E+001
 9.30999999999996E+009	 5.54719339343727E+001	 5.54719339343727E+001
 9.31999999999996E+009	 5.54735622090059E+001	 5.54735622090059E+001
 9.32999999999996E+009	 5.54746705242044E+001	 5.54746705242044E+001
 9.33999999999996E+009	 5.54752487575404E+001	 5.54752487575404E+001
 9.34999999999996E+009	 5.54752869145088E+001	 5.54752869145088E+001
 9.35999999999996E+009	 5.54747751596612E+001	 5.54747751596612E+001
 9.36999999999996E+009	 5.54737038501852E+001	 5.54737038501852E+001
 9.37999999999996E+009	 5.54720635720235E+001	 5.54720635720235E+001
 9.38999999999996E+009	 5.54698451786180E+001	 5.54698451786180E+001
 9.39999999999996E+009	 5.54670398323832E+001	 5.54670398323832E+001
 9.40999999999996E+009	 5.54636390489586E+001	 5.54636390489586E+001
 9.41999999999996E+009	 5.54596347443564E+001	 5.54596347443564E+001
 9.42999999999996E+009	 5.54550192850332E+001	 5.54550192850332E+001
 9.43999999999996E+009	 5.54497855409481E+001	 5.54497855409481E+001
 9.44999999999996E+009	 5.54439269416660E+001	 5.54439269416660E+001
 9.45999999999996E+009	 5.54374375354844E+001	 5.54374375354844E+001
 9.46999999999996E+009	 5.54303120516356E+001	 5.54303120516356E+001
 9.47999999999996E+009	 5.54225459654946E+001	 5.54225459654946E+001
 9.48999999999996E+009	 5.54141355667766E+001	 5.54141355667766E+001
 9.49999999999996E+009	 5.54050780306267E+001	 5.54050780306267E+001
 9.50999999999996E+009	 5.53953714914818E+001	 5.53953714914818E+001
 9.51999999999996E+009	 5.53850151195759E+001	 5.53850151195759E+001
 9.52999999999996E+009	 5.53740091998720E+001	 5.53740091998720E+001
 9.53999999999996E+009	 5.53623552131861E+001	 5.53623552131861E+001
 9.54999999999996E+009	 5.53500559192322E+001	 5.53500559192322E+001
 9.55999999999996E+009	 5.53371154412375E+001	 5.53371154412375E+001
 9.56999999999996E+009	 5.53235393517517E+001	 5.53235393517517E+001
 9.57999999999996E+009	 5.53093347591860E+001	 5.53093347591860E+001
 9.58999999999996E+009	 5.52945103946027E+001	 5.52945103946027E+001
 9.59999999999996E+009	 5.52790766981657E+001	 5.52790766981657E+001
 9.60999999999996E+009	 5.52630459046482E+001	 5.52630459046482E+001
 9.61999999999996E+009	 5.52464321272950E+001	 5.52464321272950E+001
 9.62999999999996E+009	 5.52292514392803E+001	 5.52292514392803E+001
 9.63999999999996E+009	 5.52115219519758E+001	 5.52115219519758E+001
 9.64999999999996E+009	 5.51932638890982E+001	 5.51932638890982E+001
 9.65999999999996E+009	 5.51744996558823E+001	 5.51744996558823E+001
 9.66999999999996E+009	 5.51552539021767E+001	 5.51552539021767E+001
 9.67999999999996E+009	 5.51355535785595E+001	 5.51355535785595E+001
 9.68999999999996E+009	 5.51154279842703E+001	 5.51154279842703E+001
 9.69999999999996E+009	 5.50949088059358E+001	 5.50949088059358E+001
 9.70999999999996E+009	 5.50740301459195E+001	 5.50740301459195E+001
 9.71999999999996E+009	 5.50528285391321E+001	 5.50528285391321E+001
 9.72999999999996E+009	 5.50313429572411E+001	 5.50313429572411E+001
 9.73999999999996E+009	 5.50096147991061E+001	 5.50096147991061E+001
 9.74999999999996E+009	 5.49876878663731E+001	 5.49876878663731E+001
 9.75999999999996E+009	 5.49656083232885E+001	 5.49656083232885E+001
 9.76999999999996E+009	 5.49434246397047E+001	 5.49434246397047E+001
 9.77999999999996E+009	 5.49211875165320E+001	 5.49211875165320E+001
 9.78999999999996E+009	 5.48989497929566E+001	 5.48989497929566E+001
 9.79999999999996E+009	 5.48767663347602E+001	 5.48767663347602E+001
 9.80999999999996E+009	 5.48546939035823E+001	 5.48546939035823E+001
 9.81999999999996E+009	 5.48327910067107E+001	 5.48327910067107E+001
 9.82999999999996E+009	 5.48111177276063E+001	 5.48111177276063E+001
 9.83999999999996E+009	 5.47897355373991E+001	 5.47897355373991E+001
 9.84999999999996E+009	 5.47687070878222E+001	 5.47687070878222E+001
 9.85999999999996E+009	 5.47480959864032E+001	 5.47480959864032E+001
 9.86999999999996E+009	 5.47279665549601E+001	 5.47279665549601E+001
 9.87999999999996E+009	 5.47083835726977E+001	 5.47083835726977E+001
 9.88999999999996E+009	 5.46894120055358E+001	 5.46894120055358E+001
 9.89999999999996E+009	 5.46711167234058E+001	 5.46711167234058E+001
 9.90999999999996E+009	 5.46535622077684E+001	 5.46535622077684E+001
 9.91999999999996E+009	 5.46368122514977E+001	 5.46368122514977E+001
 9.92999999999996E+009	 5.46209296538193E+001	 5.46209296538193E+001
 9.93999999999996E+009	 5.46059759128563E+001	 5.46059759128563E+001
 9.94999999999996E+009	 5.45920109187553E+001	 5.45920109187553E+001
 9.95999999999996E+009	 5.45790926501154E+001	 5.45790926501154E+001
 9.96999999999996E+009	 5.45672768770297E+001	 5.45672768770297E+001
 9.97999999999996E+009	 5.45566168733301E+001	 5.45566168733301E+001
 9.98999999999996E+009	 5.45471631413252E+001	 5.45471631413252E+001
 9.99999999999996E+009	 5.45389631516837E+001	 5.45389631516837E+001
