FREQ	DB[Gain(U1,0)]
 1.00000000000000E+007	 3.24395271384464E+001
 2.00000000000000E+007	 3.29088392859672E+001
 3.00000000000000E+007	 3.27756568429105E+001
 4.00000000000000E+007	 3.26738608704250E+001
 5.00000000000000E+007	 3.26393938169533E+001
 6.00000000000000E+007	 3.26523690051698E+001
 7.00000000000000E+007	 3.26938607361914E+001
 8.00000000000000E+007	 3.27501902352123E+001
 9.00000000000000E+007	 3.28115555526100E+001
 1.00000000000000E+008	 3.28708131307996E+001
 1.10000000000000E+008	 3.29227669638674E+001
 1.20000000000000E+008	 3.29638421493104E+001
 1.30000000000000E+008	 3.29917220001866E+001
 1.40000000000000E+008	 3.30049455298952E+001
 1.50000000000000E+008	 3.29998988552621E+001
 1.60000000000000E+008	 3.29407739892259E+001
 1.70000000000000E+008	 3.29418768610236E+001
 1.80000000000000E+008	 3.29150238572479E+001
 1.90000000000000E+008	 3.28719233649933E+001
 2.00000000000000E+008	 3.28203388529102E+001
 2.10000000000000E+008	 3.27635346068515E+001
 2.20000000000000E+008	 3.27036862878565E+001
 2.30000000000000E+008	 3.26426273876186E+001
 2.40000000000000E+008	 3.25818970256073E+001
 2.50000000000000E+008	 3.25227657188443E+001
 2.60000000000000E+008	 3.24664454949295E+001
 2.70000000000000E+008	 3.24135857416163E+001
 2.80000000000000E+008	 3.23647492345322E+001
 2.90000000000000E+008	 3.23203079953514E+001
 3.00000000000000E+008	 3.22804675869136E+001
 3.10000000000000E+008	 3.22455451502058E+001
 3.20000000000000E+008	 3.22152790987906E+001
 3.30000000000000E+008	 3.21895057042461E+001
 3.40000000000000E+008	 3.21679789096646E+001
 3.50000000000000E+008	 3.21503866115419E+001
 3.60000000000000E+008	 3.21366599750025E+001
 3.70000000000000E+008	 3.21261394273395E+001
 3.80000000000000E+008	 3.21183906735025E+001
 3.90000000000000E+008	 3.21129634127146E+001
 4.00000000000000E+008	 3.21094011731477E+001
 4.10000000000000E+008	 3.21075597791552E+001
 4.20000000000000E+008	 3.21067100227505E+001
 4.30000000000000E+008	 3.21064234782942E+001
 4.40000000000000E+008	 3.21062982854109E+001
 4.50000000000000E+008	 3.21059657518542E+001
 4.60000000000000E+008	 3.21053906603703E+001
 4.70000000000000E+008	 3.21040011581304E+001
 4.80000000000000E+008	 3.21015557652017E+001
 4.90000000000000E+008	 3.20978651838740E+001
 5.00000000000000E+008	 3.20927946366319E+001
 5.10000000000000E+008	 3.20865179051418E+001
 5.20000000000000E+008	 3.20787567893693E+001
 5.30000000000000E+008	 3.20695408889794E+001
 5.40000000000000E+008	 3.20589536800830E+001
 5.50000000000000E+008	 3.20471296998731E+001
 5.60000000000000E+008	 3.20344469706659E+001
 5.70000000000000E+008	 3.20209282047095E+001
 5.80000000000000E+008	 3.20068362441945E+001
 5.90000000000001E+008	 3.19924672727063E+001
 6.00000000000001E+008	 3.19781451529844E+001
 6.10000000000001E+008	 3.19643570116007E+001
 6.20000000000001E+008	 3.19513203904757E+001
 6.30000000000001E+008	 3.19394090127700E+001
 6.40000000000001E+008	 3.19290017504487E+001
 6.50000000000001E+008	 3.19204772393556E+001
 6.60000000000001E+008	 3.19143131096769E+001
 6.70000000000001E+008	 3.19107733486236E+001
 6.80000000000001E+008	 3.19102085941968E+001
 6.90000000000001E+008	 3.19129503460171E+001
 7.00000000000001E+008	 3.19193067115141E+001
 7.10000000000001E+008	 3.19296524179720E+001
 7.20000000000001E+008	 3.19441572789933E+001
 7.30000000000001E+008	 3.19630368024879E+001
 7.40000000000000E+008	 3.19864665215324E+001
 7.50000000000000E+008	 3.20145777260080E+001
 7.60000000000000E+008	 3.20475642357631E+001
 7.70000000000000E+008	 3.20853666864320E+001
 7.80000000000000E+008	 3.21279573559041E+001
 7.90000000000000E+008	 3.21752453295586E+001
 8.00000000000000E+008	 3.22270716958829E+001
 8.10000000000000E+008	 3.22833505747246E+001
 8.20000000000000E+008	 3.23436509728259E+001
 8.30000000000000E+008	 3.24075819197208E+001
 8.40000000000000E+008	 3.24746685177003E+001
 8.50000000000000E+008	 3.25443506771531E+001
 8.60000000000000E+008	 3.26161590773291E+001
 8.70000000000000E+008	 3.26892038159477E+001
 8.80000000000000E+008	 3.27626750094545E+001
 8.90000000000000E+008	 3.28356919266077E+001
 9.00000000000000E+008	 3.29073121378121E+001
 9.10000000000000E+008	 3.29767100466196E+001
 9.20000000000000E+008	 3.30426706499985E+001
 9.30000000000000E+008	 3.31041131456073E+001
 9.40000000000000E+008	 3.31599193724703E+001
 9.50000000000000E+008	 3.32089217895465E+001
 9.59999999999999E+008	 3.32499708345503E+001
 9.69999999999999E+008	 3.32815561461028E+001
 9.79999999999999E+008	 3.33020896253302E+001
 9.89999999999999E+008	 3.33096747168923E+001
 9.99999999999999E+008	 3.33019786823841E+001
 1.01000000000000E+009	 3.32760001280104E+001
 1.02000000000000E+009	 3.32280921312614E+001
 1.03000000000000E+009	 3.31538004836699E+001
 1.04000000000000E+009	 3.30478809291967E+001
 1.05000000000000E+009	 3.29044740626196E+001
 1.06000000000000E+009	 3.27168713138460E+001
 1.07000000000000E+009	 3.24796788686699E+001
 1.08000000000000E+009	 3.21883586022479E+001
 1.09000000000000E+009	 3.18404506870375E+001
 1.10000000000000E+009	 3.14362708599337E+001
 1.11000000000000E+009	 3.09775868826150E+001
 1.12000000000000E+009	 3.04720303650193E+001
 1.13000000000000E+009	 2.99283180451251E+001
 1.14000000000000E+009	 2.93565543008287E+001
 1.15000000000000E+009	 2.87672216085752E+001
 1.16000000000000E+009	 2.81679627128745E+001
 1.17000000000000E+009	 2.75699227351990E+001
 1.18000000000000E+009	 2.69805221800884E+001
 1.19000000000000E+009	 2.64055199523311E+001
 1.20000000000000E+009	 2.58490449273239E+001
 1.21000000000000E+009	 2.53113909328827E+001
 1.22000000000000E+009	 2.47963692125943E+001
 1.23000000000000E+009	 2.43042323972971E+001
 1.24000000000000E+009	 2.38343270127063E+001
 1.25000000000000E+009	 2.33852792080156E+001
 1.26000000000000E+009	 2.29530651209471E+001
 1.27000000000000E+009	 2.25375813858279E+001
 1.28000000000000E+009	 2.21361844413132E+001
 1.29000000000000E+009	 2.17460507116866E+001
 1.30000000000000E+009	 2.13642799203700E+001
 1.31000000000000E+009	 2.09861421947140E+001
 1.32000000000000E+009	 2.06108506725617E+001
 1.33000000000000E+009	 2.02358360115938E+001
 1.34000000000000E+009	 1.98588143961935E+001
 1.35000000000000E+009	 1.94778583687727E+001
 1.36000000000000E+009	 1.90898138811807E+001
 1.37000000000000E+009	 1.86953704553749E+001
 1.38000000000000E+009	 1.82939148234149E+001
 1.39000000000000E+009	 1.78852797611335E+001
 1.40000000000000E+009	 1.74697083592285E+001
 1.41000000000000E+009	 1.70463685402528E+001
 1.42000000000000E+009	 1.66176923318166E+001
 1.43000000000000E+009	 1.61847739103014E+001
 1.44000000000000E+009	 1.57488440718065E+001
 1.45000000000000E+009	 1.53111998013573E+001
 1.46000000000000E+009	 1.48719076040993E+001
 1.47000000000000E+009	 1.44335591834461E+001
 1.48000000000000E+009	 1.39973189996080E+001
 1.49000000000000E+009	 1.35642400485202E+001
 1.50000000000000E+009	 1.31352473152114E+001
 1.51000000000000E+009	 1.27100595591128E+001
 1.52000000000000E+009	 1.22904819450427E+001
 1.53000000000000E+009	 1.18770266807798E+001
 1.54000000000000E+009	 1.14700802936002E+001
 1.55000000000000E+009	 1.10699129016818E+001
 1.56000000000000E+009	 1.06757472846359E+001
 1.57000000000000E+009	 1.02886596141279E+001
 1.58000000000000E+009	 9.90862671959773E+000
 1.59000000000000E+009	 9.53554871039610E+000
 1.60000000000000E+009	 9.16925668396036E+000
 1.61000000000000E+009	 8.80867690658058E+000
 1.62000000000000E+009	 8.45441654802165E+000
 1.63000000000000E+009	 8.10612778599960E+000
 1.64000000000000E+009	 7.76341068111043E+000
 1.65000000000000E+009	 7.42581367848971E+000
 1.66000000000000E+009	 7.09206501806463E+000
 1.67000000000000E+009	 6.76241715905933E+000
 1.68000000000000E+009	 6.43624955680292E+000
 1.69000000000000E+009	 6.11287936059329E+000
 1.70000000000000E+009	 5.79155613950389E+000
 1.71000000000000E+009	 5.47073869606298E+000
 1.72000000000000E+009	 5.15027207819779E+000
 1.73000000000000E+009	 4.82916208690957E+000
 1.74000000000000E+009	 4.50632277501882E+000
 1.75000000000000E+009	 4.18057199043062E+000
 1.76000000000000E+009	 3.84993070107040E+000
 1.77000000000000E+009	 3.51373284211408E+000
 1.78000000000000E+009	 3.17049858907742E+000
 1.79000000000000E+009	 2.81866234970573E+000
 1.80000000000000E+009	 2.45658744885744E+000
 1.81000000000000E+009	 2.08186204142275E+000
 1.82000000000000E+009	 1.69349647578243E+000
 1.83000000000000E+009	 1.28978929382006E+000
 1.84000000000000E+009	 8.69094315994318E-001
 1.85000000000000E+009	 4.29866855703280E-001
 1.86000000000000E+009	-3.00987892042759E-002
 1.87000000000000E+009	-5.11216775330344E-001
 1.88000000000000E+009	-1.01444765380084E+000
 1.88999999999999E+009	-1.54047483297276E+000
 1.89999999999999E+009	-2.08968064859625E+000
 1.90999999999999E+009	-2.66307817710042E+000
 1.91999999999999E+009	-3.25952360374238E+000
 1.92999999999999E+009	-3.87848954159659E+000
 1.93999999999999E+009	-4.51918829099250E+000
 1.94999999999999E+009	-5.18061123607547E+000
 1.95999999999999E+009	-5.86265150091607E+000
 1.96999999999999E+009	-6.56294060418104E+000
 1.97999999999999E+009	-7.28007250229981E+000
 1.98999999999999E+009	-8.01259373747079E+000
 1.99999999999999E+009	-8.75903511169303E+000
