FREQ	S1:K
 1.00000000000000E+008	 5.57337391044987E+000
 2.00000000000000E+008	 8.15093909415063E+000
 3.00000000000000E+008	 8.55818612144069E+000
 4.00000000000000E+008	 8.00917242853922E+000
 5.00000000000000E+008	 6.97582109073270E+000
 6.00000000000000E+008	 5.71807978551184E+000
 7.00000000000000E+008	 4.40839789652920E+000
 8.00000000000000E+008	 3.17373912438735E+000
 9.00000000000000E+008	 2.10897523996609E+000
 1.00000000000000E+009	 1.28091485655272E+000
 1.10000000000000E+009	 7.29747401602140E-001
 1.20000000000000E+009	 4.70272727027231E-001
 1.30000000000000E+009	 4.93712513784012E-001
 1.40000000000000E+009	 7.70325357314487E-001
 1.50000000000000E+009	 1.25283211785248E+000
 1.60000000000000E+009	 1.88056835590593E+000
 1.70000000000000E+009	 2.58423024002991E+000
 1.80000000000000E+009	 3.29103984471829E+000
 1.90000000000000E+009	 3.93011854459756E+000
 2.00000000000000E+009	 4.43782520874338E+000
 2.10000000000000E+009	 4.76279367602490E+000
 2.20000000000000E+009	 4.87039610065660E+000
 2.30000000000000E+009	 4.74636862109805E+000
 2.40000000000000E+009	 4.39936534290138E+000
 2.50000000000000E+009	 3.86225624804446E+000
 2.60000000000000E+009	 3.19205351584521E+000
 2.70000000000000E+009	 2.46843730051480E+000
 2.80000000000000E+009	 1.79095482953980E+000
 2.90000000000000E+009	 1.27508593787289E+000
 3.00000000000000E+009	 1.04750821011801E+000
 3.10000000000000E+009	 1.19222247097052E+000
 3.20000000000000E+009	 1.85924873537937E+000
 3.30000000000000E+009	 3.16857612599365E+000
 3.40000000000000E+009	 5.24840962040420E+000
 3.50000000000000E+009	 8.24930592435788E+000
 3.60000000000000E+009	 1.23725495597393E+001
 3.70000000000000E+009	 1.79273720609467E+001
 3.80000000000000E+009	 2.54515786817533E+001
 3.90000000000000E+009	 3.59854090187441E+001
 4.00000000000000E+009	 5.17611581780211E+001
 4.10000000000000E+009	 7.52036370799695E+001
 4.20000000000000E+009	 1.22226315058698E+002
 4.30000000000000E+009	 2.48925024548333E+002
 4.40000000000000E+009	 8.19093891985433E+002
 4.50000000000000E+009	 6.48082697943501E+003
 4.60000000000000E+009	 1.65564023351427E+003
 4.70000000000000E+009	 5.34679711701805E+002
 4.80000000000000E+009	 3.02151113154471E+002
 4.90000000000000E+009	 2.17375978114579E+002
 5.00000000000000E+009	 1.76470257362971E+002
 5.10000000000000E+009	 1.60028040886537E+002
 5.20000000000000E+009	 1.46348209508505E+002
 5.30000000000000E+009	 1.34130848696217E+002
 5.40000000000000E+009	 1.23324248144418E+002
 5.50000000000000E+009	 1.13659208468851E+002
 5.60000000000000E+009	 1.04917602225373E+002
 5.70000000000000E+009	 9.69859333942836E+001
 5.80000000000000E+009	 8.98437327717422E+001
 5.90000000000000E+009	 8.35392556305867E+001
 6.00000000000000E+009	 7.81636053084436E+001
 6.10000000000000E+009	 7.31345109593138E+001
 6.20000000000000E+009	 6.90141977529849E+001
 6.30000000000000E+009	 6.57196954467693E+001
 6.40000000000000E+009	 6.30385233336892E+001
 6.50000000000000E+009	 6.05309077497000E+001
 6.60000000000000E+009	 5.72894876254029E+001
 6.70000000000000E+009	 5.11620730747163E+001
 6.80000000000000E+009	 3.66115261715426E+001
 6.90000000000000E+009	 4.47707289261925E+001
 7.00000000000000E+009	 8.93278329802494E+001
 7.10000000000000E+009	 9.05173775366215E+001
 7.20000000000000E+009	 9.12461019856153E+001
 7.30000000000000E+009	 9.14382027576824E+001
 7.40000000000000E+009	 9.10436784545294E+001
 7.50000000000000E+009	 9.00307863866020E+001
 7.59999999999999E+009	 8.83774561658200E+001
 7.69999999999999E+009	 8.60619632089240E+001
 7.79999999999999E+009	 8.30542319726130E+001
 7.89999999999999E+009	 7.93113083553864E+001
 7.99999999999999E+009	 7.47831724382905E+001
 8.09999999999999E+009	 6.92973076794675E+001
 8.19999999999999E+009	 6.35585963695552E+001
 8.29999999999999E+009	 5.76980719082801E+001
 8.39999999999999E+009	 5.18473716339775E+001
 8.49999999999999E+009	 4.61346155857604E+001
 8.59999999999999E+009	 4.06804370639366E+001
 8.69999999999999E+009	 3.55942474834205E+001
 8.79999999999999E+009	 3.09708067395102E+001
 8.89999999999999E+009	 2.68871585508318E+001
 8.99999999999999E+009	 2.33999887774833E+001
 9.09999999999999E+009	 2.08649009091630E+001
 9.19999999999999E+009	 1.89763769365722E+001
 9.29999999999999E+009	 1.77107844439442E+001
 9.39999999999999E+009	 1.70224186634383E+001
 9.49999999999998E+009	 1.68455921093683E+001
 9.59999999999998E+009	 1.70981046304541E+001
 9.69999999999998E+009	 1.76862956234612E+001
 9.79999999999998E+009	 1.85118884623361E+001
 9.89999999999998E+009	 1.94808483139230E+001
 9.99999999999998E+009	 2.05144916017797E+001
 1.01000000000000E+010	 2.17126663765920E+001
 1.02000000000000E+010	 2.29234551323359E+001
 1.03000000000000E+010	 2.41669673539477E+001
 1.04000000000000E+010	 2.55099324612153E+001
 1.05000000000000E+010	 2.70733869587404E+001
 1.06000000000000E+010	 2.90398163874151E+001
 1.07000000000000E+010	 3.16596206602079E+001
 1.08000000000000E+010	 3.52568543953918E+001
 1.09000000000000E+010	 4.02343230300057E+001
 1.10000000000000E+010	 4.70783096133360E+001
 1.11000000000000E+010	 5.59710302785801E+001
 1.12000000000000E+010	 6.74412140897797E+001
 1.13000000000000E+010	 8.20385369166158E+001
 1.14000000000000E+010	 1.00385012784638E+002
 1.15000000000000E+010	 1.23197066729052E+002
 1.16000000000000E+010	 1.51324947958295E+002
 1.17000000000000E+010	 1.85820836914594E+002
 1.18000000000000E+010	 2.28055245334687E+002
 1.19000000000000E+010	 2.79917203441566E+002
 1.20000000000000E+010	 3.44165998665814E+002
 1.21000000000000E+010	 4.19854812806340E+002
 1.22000000000000E+010	 5.16973557032769E+002
 1.23000000000000E+010	 6.46891491196898E+002
 1.24000000000000E+010	 8.31086724939308E+002
 1.25000000000000E+010	 1.11391420591304E+003
 1.26000000000000E+010	 1.59803213236919E+003
 1.27000000000000E+010	 2.55511641775218E+003
 1.28000000000000E+010	 4.73569400212725E+003
 1.29000000000000E+010	 8.05722863446661E+003
 1.30000000000000E+010	 4.77312288521405E+003
 1.31000000000000E+010	 1.61656575576752E+003
 1.32000000000000E+010	 6.19264922703697E+002
 1.33000000000000E+010	 2.77370367579799E+002
 1.34000000000000E+010	 1.41156719938641E+002
 1.35000000000000E+010	 8.09213324368850E+001
 1.36000000000000E+010	 5.24816501617260E+001
 1.37000000000000E+010	 3.86165471433580E+001
 1.38000000000000E+010	 3.20183468374271E+001
 1.39000000000000E+010	 2.95034469323378E+001
 1.40000000000000E+010	 2.97865570784936E+001
 1.41000000000000E+010	 3.14727251528662E+001
 1.42000000000000E+010	 3.53785425085577E+001
 1.43000000000000E+010	 4.18225981200229E+001
 1.44000000000000E+010	 5.12829740635714E+001
 1.45000000000000E+010	 6.43367540313981E+001
 1.46000000000000E+010	 8.16226360303302E+001
 1.47000000000000E+010	 1.03811277223147E+002
 1.48000000000000E+010	 1.31573538019128E+002
 1.49000000000000E+010	 1.65539720500723E+002
 1.50000000000000E+010	 2.06245084198507E+002
 1.51000000000000E+010	 2.56614130723604E+002
 1.52000000000000E+010	 3.15373724031309E+002
 1.53000000000000E+010	 3.82720732390276E+002
 1.54000000000000E+010	 4.58466412665484E+002
 1.55000000000000E+010	 5.41920068985607E+002
 1.56000000000000E+010	 6.31787253422118E+002
 1.57000000000000E+010	 7.26106488958794E+002
 1.58000000000000E+010	 8.22251483946714E+002
 1.59000000000000E+010	 9.17022447666130E+002
 1.60000000000000E+010	 1.00683834419436E+003
 1.61000000000000E+010	 1.07575653332830E+003
 1.62000000000000E+010	 1.13273920837152E+003
 1.63000000000000E+010	 1.17589771361641E+003
 1.64000000000000E+010	 1.20468250264957E+003
 1.65000000000000E+010	 1.21791880228674E+003
 1.66000000000000E+010	 1.20975511046971E+003
 1.67000000000000E+010	 1.18554904570582E+003
 1.68000000000000E+010	 1.14681917358250E+003
 1.69000000000000E+010	 1.09559724172495E+003
 1.69999999999999E+010	 1.03426693269972E+003
 1.70999999999999E+010	 9.70450946750589E+002
 1.71999999999999E+010	 8.98919330453569E+002
 1.72999999999999E+010	 8.23152379164339E+002
 1.73999999999999E+010	 7.46243730947992E+002
 1.74999999999999E+010	 6.70753312143939E+002
 1.75999999999999E+010	 5.98635933537959E+002
 1.76999999999999E+010	 5.31232806865406E+002
 1.77999999999999E+010	 4.69313730257973E+002
 1.78999999999999E+010	 4.13159686096722E+002
 1.79999999999999E+010	 3.62677537039070E+002
