FREQ	S1:Re[Y(11)]	S1:Re[Y(22)]
 1.00000000000000E+008	 1.03408758951759E-003	 3.06678797059130E-003
 2.00000000000000E+008	 6.43417258460857E-003	 3.36949093394113E-003
 3.00000000000000E+008	 9.66535822732761E-003	 3.56264101701656E-003
 4.00000000000000E+008	 9.96866783259511E-003	 3.59686073015426E-003
 5.00000000000000E+008	 9.36940085961930E-003	 3.58036617760697E-003
 6.00000000000000E+008	 8.48857498396558E-003	 3.54538716357956E-003
 7.00000000000000E+008	 7.48565267397181E-003	 3.49860617287554E-003
 8.00000000000000E+008	 6.41080188392965E-003	 3.44059863358132E-003
 9.00000000000000E+008	 5.28467222314499E-003	 3.37042506716863E-003
 1.00000000000000E+009	 4.12137192893527E-003	 3.28729432627589E-003
 1.10000000000000E+009	 2.94583910191925E-003	 3.19269091983217E-003
 1.20000000000000E+009	 1.83073767408850E-003	 3.09611167917642E-003
 1.30000000000000E+009	 1.00467572088294E-003	 3.03317110584129E-003
 1.40000000000000E+009	 1.20118755550125E-003	 3.12637612241962E-003
 1.50000000000000E+009	 4.74177614806548E-003	 3.78155994335288E-003
 1.60000000000000E+009	 1.69409718240761E-002	 5.98246432475928E-003
 1.70000000000000E+009	 3.45734260371519E-002	 9.32169593684456E-003
 1.80000000000000E+009	 3.67528136187415E-002	 1.00267823908798E-002
 1.90000000000000E+009	 2.97280231283769E-002	 8.99726454975996E-003
 2.00000000000000E+009	 2.32954701502606E-002	 8.00212162815584E-003
 2.10000000000000E+009	 1.86493082614199E-002	 7.30025266794734E-003
 2.20000000000000E+009	 1.52617730133156E-002	 6.81732877627379E-003
 2.30000000000000E+009	 1.26533791681172E-002	 6.47630711184767E-003
 2.40000000000000E+009	 1.05190366302150E-002	 6.22745177972544E-003
 2.50000000000000E+009	 8.66896236891732E-003	 6.04030461182276E-003
 2.60000000000000E+009	 6.98199953110137E-003	 5.89592057885945E-003
 2.70000000000000E+009	 5.38363524391886E-003	 5.78217967611529E-003
 2.80000000000000E+009	 3.84986712974456E-003	 5.69118695741700E-003
 2.90000000000000E+009	 2.46192953561191E-003	 5.61800285557340E-003
 3.00000000000000E+009	 1.63111429731464E-003	 5.56070974652965E-003
 3.10000000000000E+009	 2.76850912225527E-003	 5.53352333710076E-003
 3.20000000000000E+009	 1.46275728298626E-002	 5.56624553773613E-003
 3.30000000000000E+009	 1.18689677910132E-001	 6.03194296162224E-003
 3.40000000000000E+009	 6.64927967116445E-001	 8.60030516180257E-003
 3.50000000000000E+009	 1.85985995533081E-001	 6.41924005712899E-003
 3.60000000000000E+009	 8.89549748867220E-002	 6.01086535513678E-003
 3.70000000000000E+009	 5.87807159598124E-002	 5.94141680781975E-003
 3.80000000000000E+009	 4.50351291981403E-002	 5.98514534876375E-003
 3.90000000000000E+009	 3.73617656653746E-002	 6.10764562078208E-003
 4.00000000000000E+009	 3.25129459406795E-002	 6.31488998808864E-003
 4.10000000000000E+009	 2.88315116694385E-002	 6.68279617349181E-003
 4.20000000000000E+009	 2.62640233294411E-002	 7.23121809006996E-003
 4.30000000000000E+009	 2.43844690216667E-002	 7.97894727941919E-003
 4.40000000000000E+009	 2.30058568243985E-002	 8.81395189623973E-003
 4.50000000000000E+009	 2.20627267850863E-002	 9.42507763211549E-003
 4.60000000000000E+009	 2.14829254397977E-002	 9.53511935276163E-003
 4.70000000000000E+009	 2.11339349300736E-002	 9.21782232569437E-003
 4.80000000000000E+009	 2.08995964394003E-002	 8.74359051856722E-003
 4.90000000000000E+009	 2.07257813138715E-002	 8.29824768392106E-003
 5.00000000000000E+009	 2.05974433686083E-002	 7.94554474035498E-003
 5.10000000000000E+009	 2.08774857627945E-002	 7.61898845226142E-003
 5.20000000000000E+009	 2.10274408056955E-002	 7.45159865778633E-003
 5.30000000000000E+009	 2.12124255227501E-002	 7.37840255797545E-003
 5.40000000000000E+009	 2.14462187887632E-002	 7.37199729209739E-003
 5.50000000000000E+009	 2.17286311275183E-002	 7.42416375758274E-003
 5.60000000000000E+009	 2.20601302329527E-002	 7.53499392313745E-003
 5.70000000000000E+009	 2.24423884797167E-002	 7.70892295163393E-003
 5.80000000000000E+009	 2.28762120445912E-002	 7.95207527832033E-003
 5.90000000000000E+009	 2.33577667175328E-002	 8.26849502286981E-003
 6.00000000000000E+009	 2.38727009885856E-002	 8.65348191742285E-003
 6.10000000000000E+009	 2.43419539696955E-002	 9.08619766803891E-003
 6.20000000000000E+009	 2.47552569519422E-002	 9.52463692070351E-003
 6.30000000000000E+009	 2.50546889260032E-002	 9.90251630769520E-003
 6.40000000000000E+009	 2.51929827349533E-002	 1.01517940435020E-002
 6.50000000000000E+009	 2.51586987004693E-002	 1.02401603971675E-002
 6.60000000000000E+009	 2.49837139986767E-002	 1.02021578938707E-002
 6.70000000000000E+009	 2.47380207930062E-002	 1.01559764962839E-002
 6.80000000000000E+009	 2.45554866890921E-002	 1.02213498969333E-002
 6.90000000000000E+009	 2.65914738489641E-002	 7.35490368837858E-003
 7.00000000000000E+009	 3.26828286221869E-002	 7.59748147696514E-003
 7.10000000000000E+009	 3.33291436880155E-002	 7.40732923565495E-003
 7.20000000000000E+009	 3.39948330668364E-002	 7.26191648470546E-003
 7.30000000000000E+009	 3.46398953751507E-002	 7.15464133609952E-003
 7.40000000000000E+009	 3.52156648837159E-002	 7.08001902272086E-003
 7.50000000000000E+009	 3.56636631281044E-002	 7.03385904104139E-003
 7.59999999999999E+009	 3.59166762104918E-002	 7.01320855648594E-003
 7.69999999999999E+009	 3.59040324884227E-002	 7.01624615767012E-003
 7.79999999999999E+009	 3.55629409344122E-002	 7.04220440291242E-003
 7.89999999999999E+009	 3.48562825492175E-002	 7.09135381356476E-003
 7.99999999999999E+009	 3.37937888077197E-002	 7.16506146251808E-003
 8.09999999999999E+009	 3.36698393819624E-002	 7.27697428487117E-003
 8.19999999999999E+009	 3.36250026172579E-002	 7.41650874469718E-003
 8.29999999999999E+009	 3.36774119981747E-002	 7.58737622400220E-003
 8.39999999999999E+009	 3.38397082714305E-002	 7.79386609308669E-003
 8.49999999999999E+009	 3.41105955735905E-002	 8.04000840116080E-003
 8.59999999999999E+009	 3.44580594176311E-002	 8.32735459242336E-003
 8.69999999999999E+009	 3.47892522412668E-002	 8.64995952762096E-003
 8.79999999999999E+009	 3.49068504914862E-002	 8.98488761803678E-003
 8.89999999999999E+009	 3.44771108876331E-002	 9.27933279567785E-003
 8.99999999999999E+009	 3.30931674632634E-002	 9.44642095540479E-003
 9.09999999999999E+009	 3.11209044594717E-002	 9.45751984573799E-003
 9.19999999999999E+009	 2.83523194125061E-002	 9.28833312740490E-003
 9.29999999999999E+009	 2.53690459802132E-002	 9.00405632084631E-003
 9.39999999999999E+009	 2.27250983201618E-002	 8.69544274732512E-003
 9.49999999999998E+009	 2.06928948384622E-002	 8.42501861212161E-003
 9.59999999999998E+009	 1.92874595903345E-002	 8.21248159753372E-003
 9.69999999999998E+009	 1.84024212096099E-002	 8.04778251805921E-003
 9.79999999999998E+009	 1.79093904509629E-002	 7.90660496347956E-003
 9.89999999999998E+009	 1.76981024599304E-002	 7.75927142489206E-003
 9.99999999999998E+009	 1.76824026430918E-002	 7.57489622416209E-003
 1.01000000000000E+010	 1.78289952217643E-002	 7.39047873171229E-003
 1.02000000000000E+010	 1.80258341138918E-002	 7.13980562567196E-003
 1.03000000000000E+010	 1.82328606300844E-002	 6.81520510219248E-003
 1.04000000000000E+010	 1.84175845053228E-002	 6.42374003771755E-003
 1.05000000000000E+010	 1.85581347081544E-002	 5.98929702878998E-003
 1.06000000000000E+010	 1.86468490098313E-002	 5.54917893326714E-003
 1.07000000000000E+010	 1.86911763172396E-002	 5.14502810045214E-003
 1.08000000000000E+010	 1.87102318819348E-002	 4.81189079740238E-003
 1.09000000000000E+010	 1.87283748845795E-002	 4.57071465549782E-003
 1.10000000000000E+010	 1.87689574738638E-002	 4.42696914558874E-003
 1.11000000000000E+010	 1.89175927021380E-002	 4.39360363975302E-003
 1.12000000000000E+010	 1.91210643454580E-002	 4.42179631496032E-003
 1.13000000000000E+010	 1.93859383887119E-002	 4.49972519484204E-003
 1.14000000000000E+010	 1.97168357274637E-002	 4.61638600163796E-003
 1.15000000000000E+010	 2.01178492523870E-002	 4.76238564867912E-003
 1.16000000000000E+010	 2.05936555004123E-002	 4.93011354752980E-003
 1.17000000000000E+010	 2.11503735052214E-002	 5.11359365045915E-003
 1.18000000000000E+010	 2.17962756334603E-002	 5.30821277267697E-003
 1.19000000000000E+010	 2.25424504222477E-002	 5.51043074927732E-003
 1.20000000000000E+010	 2.34034864400926E-002	 5.71751968107748E-003
 1.21000000000000E+010	 2.44276381270803E-002	 5.91032954990648E-003
 1.22000000000000E+010	 2.56089713549571E-002	 6.10409182319536E-003
 1.23000000000000E+010	 2.69775695187777E-002	 6.29784375558044E-003
 1.24000000000000E+010	 2.85691181456775E-002	 6.49070293706424E-003
 1.25000000000000E+010	 3.04221162672074E-002	 6.68178565553157E-003
 1.26000000000000E+010	 3.25685018250451E-002	 6.87009679911162E-003
 1.27000000000000E+010	 3.50086923744343E-002	 7.05433210030196E-003
 1.28000000000000E+010	 3.76531981562451E-002	 7.23246800494367E-003
 1.29000000000000E+010	 4.02051803221377E-002	 7.40091864585850E-003
 1.30000000000000E+010	 4.19873903049673E-002	 7.55308648119098E-003
 1.31000000000000E+010	 4.19770407713686E-002	 7.68897157651233E-003
 1.32000000000000E+010	 3.90557548933948E-002	 7.78580103113047E-003
 1.33000000000000E+010	 3.35189770001343E-002	 7.83485792155438E-003
 1.34000000000000E+010	 2.72270351736721E-002	 7.83585713293822E-003
 1.35000000000000E+010	 2.20651781054629E-002	 7.79165337209475E-003
 1.36000000000000E+010	 1.87616833700362E-002	 7.70435428691355E-003
 1.37000000000000E+010	 1.71280682979914E-002	 7.58531001505638E-003
 1.38000000000000E+010	 1.66123480658050E-002	 7.47906698090302E-003
 1.39000000000000E+010	 1.65163914047960E-002	 7.48834753180081E-003
 1.40000000000000E+010	 1.60966507643186E-002	 7.75008185110880E-003
 1.41000000000000E+010	 1.49655100400402E-002	 8.24406542310621E-003
 1.42000000000000E+010	 1.32603994545660E-002	 8.92684245938957E-003
 1.43000000000000E+010	 1.14559339978555E-002	 9.62835457553235E-003
 1.44000000000000E+010	 9.91256970473326E-003	 1.02354863679312E-002
 1.45000000000000E+010	 8.73617064251581E-003	 1.07205621783254E-002
 1.46000000000000E+010	 7.88629408845451E-003	 1.11001586253407E-002
 1.47000000000000E+010	 7.28426022557441E-003	 1.14006040044937E-002
 1.48000000000000E+010	 6.85950079344191E-003	 1.16444612253808E-002
 1.49000000000000E+010	 6.55982736671444E-003	 1.18480726431788E-002
 1.50000000000000E+010	 6.34928802168085E-003	 1.20225813975016E-002
 1.51000000000000E+010	 6.26063520738596E-003	 1.21623437594011E-002
 1.52000000000000E+010	 6.21638978699488E-003	 1.22886895702946E-002
 1.53000000000000E+010	 6.20695410863994E-003	 1.24042596212905E-002
 1.54000000000000E+010	 6.22548651813891E-003	 1.25108591627842E-002
 1.55000000000000E+010	 6.26685298550007E-003	 1.26097583722212E-002
 1.56000000000000E+010	 6.32696087387076E-003	 1.27018777166230E-002
 1.57000000000000E+010	 6.40232534711830E-003	 1.27879040590838E-002
 1.58000000000000E+010	 6.48977585625776E-003	 1.28683644796041E-002
 1.59000000000000E+010	 6.58624450787668E-003	 1.29436738374122E-002
 1.60000000000000E+010	 6.68859675141176E-003	 1.30141657338765E-002
 1.61000000000000E+010	 6.80511319789915E-003	 1.30858204448834E-002
 1.62000000000000E+010	 6.92111480419049E-003	 1.31538773053520E-002
 1.63000000000000E+010	 7.03185265090996E-003	 1.32184623352564E-002
 1.64000000000000E+010	 7.12800072478546E-003	 1.32796655358664E-002
 1.65000000000000E+010	 7.21116667858818E-003	 1.33376180969078E-002
 1.66000000000000E+010	 7.31631916277382E-003	 1.33925356625813E-002
 1.67000000000000E+010	 7.40285539699060E-003	 1.34443076846607E-002
 1.68000000000000E+010	 7.46574530747607E-003	 1.34929609879025E-002
 1.69000000000000E+010	 7.50011241532550E-003	 1.35385108774859E-002
 1.69999999999999E+010	 7.50167426681802E-003	 1.35809696737021E-002
 1.70999999999999E+010	 7.48094753956360E-003	 1.36085187605508E-002
 1.71999999999999E+010	 7.42285263397547E-003	 1.36330134984644E-002
 1.72999999999999E+010	 7.32962231470148E-003	 1.36545657454155E-002
 1.73999999999999E+010	 7.20668422359641E-003	 1.36733654511872E-002
 1.74999999999999E+010	 7.06274341650810E-003	 1.36896975192697E-002
 1.75999999999999E+010	 6.90941971470398E-003	 1.37039437824106E-002
 1.76999999999999E+010	 6.76045018405291E-003	 1.37165600155010E-002
 1.77999999999999E+010	 6.63057453509759E-003	 1.37280139576630E-002
 1.78999999999999E+010	 6.53426819432292E-003	 1.37386597047732E-002
 1.79999999999999E+010	 6.48440393996417E-003	 1.37484981467196E-002
